##FastQC	0.10.1
>>Basic Statistics	pass
#Measure	Value	
Filename	0W-AMT138_2.fastq.gz	
File type	Conventional base calls	
Encoding	Sanger / Illumina 1.9	
Total Sequences	33390354	
Filtered Sequences	0	
Sequence length	101	
%GC	47	
>>END_MODULE
>>Per base sequence quality	pass
#Base	Mean	Median	Lower Quartile	Upper Quartile	10th Percentile	90th Percentile
1	32.19375389071946	33.0	33.0	34.0	31.0	34.0
2	32.336494875136694	33.0	33.0	34.0	31.0	34.0
3	32.42006224312566	33.0	33.0	34.0	31.0	34.0
4	32.31735293971427	33.0	33.0	34.0	31.0	34.0
5	32.334696241914656	33.0	33.0	34.0	31.0	34.0
6	36.364711856603854	38.0	38.0	38.0	34.0	38.0
7	36.38613286340121	38.0	38.0	38.0	34.0	38.0
8	36.36373256180512	38.0	38.0	38.0	34.0	38.0
9	36.36155633450307	38.0	38.0	38.0	34.0	38.0
10-14	36.33202314656502	38.0	38.0	38.0	33.8	38.0
15-19	36.24291943116267	38.0	38.0	38.0	33.0	38.0
20-24	36.18901767857867	38.0	38.0	38.0	33.0	38.0
25-29	36.06868283576748	38.0	37.6	38.0	32.8	38.0
30-34	35.97996616627664	38.0	37.2	38.0	31.8	38.0
35-39	35.917480641265435	38.0	37.0	38.0	31.4	38.0
40-44	35.7949950635444	38.0	37.0	38.0	31.0	38.0
45-49	35.6728092490424	38.0	37.0	38.0	30.0	38.0
50-54	35.49055524838102	38.0	37.0	38.0	29.0	38.0
55-59	35.2574093224648	38.0	36.4	38.0	28.6	38.0
60-64	35.050309236014684	38.0	36.0	38.0	28.0	38.0
65-69	34.82738273454663	38.0	36.0	38.0	26.6	38.0
70-74	34.41524224031887	38.0	35.0	38.0	25.0	38.0
75-79	34.127436444669016	38.0	34.6	38.0	24.0	38.0
80-84	33.635028104224354	38.0	34.0	38.0	17.4	38.0
85-89	33.0072281893148	38.0	33.0	38.0	15.0	38.0
90-94	32.11451422767186	37.8	31.2	38.0	14.6	38.0
95-99	30.511832015916934	37.0	29.4	38.0	6.4	38.0
100-101	25.12604438096104	33.0	14.0	37.5	2.0	38.0
>>END_MODULE
>>Per sequence quality scores	pass
#Quality	Count
2	68860.0
3	22074.0
4	14303.0
5	13030.0
6	12788.0
7	13588.0
8	15135.0
9	16486.0
10	19362.0
11	21481.0
12	24893.0
13	29789.0
14	35509.0
15	43331.0
16	53500.0
17	66335.0
18	82496.0
19	102462.0
20	128369.0
21	159592.0
22	197601.0
23	242666.0
24	292467.0
25	349522.0
26	413232.0
27	485610.0
28	569864.0
29	671697.0
30	798980.0
31	964402.0
32	1200711.0
33	1549881.0
34	2148038.0
35	3336259.0
36	6569219.0
37	1.2656822E7
>>END_MODULE
>>Per base sequence content	pass
#Base	G	A	T	C
1	26.38674031428358	31.36446831321405	19.140171439931425	23.108619932570946
2	22.599466899931638	29.872408660297523	26.355845164145308	21.17227927562553
3	24.396396478418293	26.003514130450377	26.43678618757277	23.163303203558563
4	24.93774979222977	26.375864211858254	25.838929028683523	22.847456967228457
5	24.608038861585552	27.6210725869489	25.668646283501495	22.10224226796405
6	24.360777776663017	27.183019142832027	24.442903411634006	24.01329966887095
7	23.436044673604975	26.94057096143799	26.171721371814954	23.451662993142076
8	22.76076997251313	27.03488369481194	26.804534166641535	23.39981216603339
9	23.157036022012107	26.58962741935373	26.44153591684642	23.811800641787745
10-14	23.291750785466018	26.863580223283506	26.756961443913006	23.08770754733747
15-19	23.254416827937277	26.3602662516892	26.90678729673055	23.47852962364297
20-24	23.370247960793996	26.217674828186706	26.77605492984353	23.636022281175766
25-29	23.505629664773263	26.251711632447016	26.58572857950481	23.656930123274915
30-34	23.628871696113073	26.18256521611097	26.474239673007084	23.714323414768877
35-39	23.6281854786756	26.134309512929104	26.464048661865196	23.7734563465301
40-44	23.69363475370054	26.112015128836784	26.379329612656292	23.815020504806377
45-49	23.737867099918446	26.03443600281364	26.319975515481097	23.907721381786814
50-54	23.719846496153956	26.028582148744768	26.31419159444968	23.937379760651595
55-59	23.75642848986865	26.029094074616836	26.244932239938763	23.96954519557575
60-64	23.787503139623873	25.98620012802429	26.185922978490776	24.04037375386106
65-69	23.777658167135947	25.982512059419616	26.183673910964554	24.05615586247988
70-74	23.834916737761834	26.008821704829554	26.10786996998208	24.048391587426536
75-79	23.8644757580804	25.975625087726158	26.06718800816615	24.092711146027295
80-84	23.866665514851622	25.98438790587492	26.05167682903816	24.0972697502353
85-89	23.893433524104747	26.00217466663242	25.975950026681673	24.128441782581163
90-94	23.929906316256712	25.9453397418553	25.932470896681952	24.192283045206036
95-99	23.91379328717705	25.96486271685515	25.876293487019534	24.245050508948264
100-101	24.059478054844853	25.588441781716824	25.43545570879404	24.916624454644282
>>END_MODULE
>>Per base GC content	pass
#Base	%GC
1	49.495360246854524
2	43.77174617555717
3	47.55969968197685
4	47.78520675945823
5	46.7102811295496
6	48.37407744553396
7	46.88770766674705
8	46.16058213854652
9	46.968836663799856
10-14	46.37945833280349
15-19	46.73294645158024
20-24	47.00627024196976
25-29	47.16255978804818
30-34	47.34319511088195
35-39	47.4016418252057
40-44	47.50865525850691
45-49	47.64558848170526
50-54	47.65722625680555
55-59	47.7259736854444
60-64	47.827876893484934
65-69	47.83381402961583
70-74	47.883308325188366
75-79	47.957186904107694
80-84	47.96393526508692
85-89	48.02187530668591
90-94	48.122189361462745
95-99	48.15884379612532
100-101	48.97610250948913
>>END_MODULE
>>Per sequence GC content	fail
#GC Content	Count
0	36.0
1	36.5
2	39.5
3	62.0
4	77.0
5	88.5
6	117.0
7	150.0
8	187.5
9	234.5
10	304.5
11	384.0
12	513.5
13	727.5
14	1042.5
15	1553.5
16	2456.0
17	4020.5
18	6697.5
19	11154.5
20	18235.5
21	28791.0
22	43923.5
23	64824.0
24	91414.5
25	125307.5
26	166350.0
27	212985.0
28	265559.5
29	323463.0
30	384634.0
31	448924.0
32	516502.0
33	586628.5
34	658941.0
35	731662.5
36	807451.0
37	887105.0
38	964401.5
39	1037035.0
40	1097624.0
41	1135526.5
42	1150984.0
43	1147484.5
44	1128196.5
45	1094930.0
46	1050511.0
47	1001329.5
48	954288.0
49	914248.5
50	880906.0
51	851792.0
52	827622.5
53	811950.5
54	805448.0
55	806794.0
56	810905.0
57	808316.5
58	795337.0
59	772020.5
60	739559.5
61	699945.0
62	654983.5
63	604194.0
64	547142.0
65	486574.0
66	425351.0
67	366591.5
68	311467.0
69	260792.5
70	215885.5
71	176106.0
72	141522.5
73	112684.5
74	88705.0
75	69861.5
76	55491.5
77	44187.0
78	35061.0
79	27591.5
80	21539.5
81	16811.0
82	13290.0
83	10256.0
84	7571.0
85	5415.5
86	3876.5
87	2663.0
88	1744.0
89	1093.0
90	692.0
91	456.5
92	301.0
93	194.5
94	135.0
95	104.5
96	79.5
97	60.0
98	59.0
99	50.0
100	33.5
>>END_MODULE
>>Per base N content	pass
#Base	N-Count
1	0.0
2	0.0
3	5.091290736240772E-5
4	3.114671979817884E-4
5	1.617233527982363E-4
6	1.4674896827988106E-4
7	2.336003984863413E-4
8	6.798370571333266E-4
9	5.600419809864849E-4
10-14	5.276973104268377E-4
15-19	6.0915796220669E-4
20-24	0.0013369130497987533
25-29	0.003085322186161908
30-34	0.007119421375406802
35-39	0.004240745695598196
40-44	0.002299466486638626
45-49	0.0013153499360923219
50-54	0.002102403586377072
55-59	0.011554834069743615
60-64	0.01254613832485873
65-69	0.010502434325793612
70-74	0.04041526483965998
75-79	0.024149489400441815
80-84	0.01606571766205294
85-89	0.003427337128561141
90-94	0.003559710687703401
95-99	0.004664221289777282
100-101	0.004093996727318315
>>END_MODULE
>>Sequence Length Distribution	pass
#Length	Count
101	3.3390354E7
>>END_MODULE
>>Sequence Duplication Levels	warn
#Total Duplicate Percentage	21.562868388978806
#Duplication Level	Relative count
1	100.0
2	20.7911964745141
3	4.8991262704740555
4	1.152660671982067
5	0.2916677280485009
6	0.10635045979061059
7	0.04394120793743791
8	0.02037853121736251
9	0.008278778307053519
10++	0.05221998624449143
>>END_MODULE
>>Overrepresented sequences	pass
>>END_MODULE
>>Kmer Content	pass
>>END_MODULE
