##FastQC	0.10.1
>>Basic Statistics	pass
#Measure	Value	
Filename	0W-AMT140_2.fastq.gz	
File type	Conventional base calls	
Encoding	Sanger / Illumina 1.9	
Total Sequences	33496078	
Filtered Sequences	0	
Sequence length	101	
%GC	47	
>>END_MODULE
>>Per base sequence quality	pass
#Base	Mean	Median	Lower Quartile	Upper Quartile	10th Percentile	90th Percentile
1	32.371634822441	33.0	33.0	34.0	31.0	34.0
2	32.51390100058879	33.0	33.0	34.0	31.0	34.0
3	32.624128353176154	33.0	33.0	34.0	31.0	34.0
4	32.53737004672607	33.0	33.0	34.0	31.0	34.0
5	32.55114476387355	33.0	33.0	34.0	31.0	34.0
6	36.67462274239987	38.0	38.0	38.0	34.0	38.0
7	36.670686281540185	38.0	38.0	38.0	34.0	38.0
8	36.655561137635274	38.0	38.0	38.0	34.0	38.0
9	36.69502563852401	38.0	38.0	38.0	34.0	38.0
10-14	36.676233605617945	38.0	38.0	38.0	34.0	38.0
15-19	36.60083184067102	38.0	38.0	38.0	34.0	38.0
20-24	36.549714578524686	38.0	38.0	38.0	34.0	38.0
25-29	36.431360698407744	38.0	38.0	38.0	33.6	38.0
30-34	36.351537687486875	38.0	38.0	38.0	33.0	38.0
35-39	36.29377288887373	38.0	38.0	38.0	33.0	38.0
40-44	36.167482019835276	38.0	37.4	38.0	32.6	38.0
45-49	36.02950789641701	38.0	37.0	38.0	31.0	38.0
50-54	35.867730842996004	38.0	37.0	38.0	30.8	38.0
55-59	35.667770023702474	38.0	37.0	38.0	29.2	38.0
60-64	35.48363457954689	38.0	36.4	38.0	29.0	38.0
65-69	35.28476548806699	38.0	36.0	38.0	28.2	38.0
70-74	34.91208705687872	38.0	36.0	38.0	26.6	38.0
75-79	34.654568490078155	38.0	35.2	38.0	25.6	38.0
80-84	34.222962759998346	38.0	34.4	38.0	24.2	38.0
85-89	33.674430773656546	38.0	33.8	38.0	19.4	38.0
90-94	32.89946071298258	38.0	32.8	38.0	15.0	38.0
95-99	31.507853331366135	37.2	30.8	38.0	9.2	38.0
100-101	26.525875253216213	33.5	15.5	37.5	2.0	38.0
>>END_MODULE
>>Per sequence quality scores	pass
#Quality	Count
2	54726.0
3	16244.0
4	10418.0
5	9945.0
6	9564.0
7	10510.0
8	11207.0
9	12412.0
10	14214.0
11	16437.0
12	18922.0
13	22239.0
14	26743.0
15	32155.0
16	39837.0
17	49390.0
18	61527.0
19	78342.0
20	99640.0
21	125830.0
22	158256.0
23	197513.0
24	242985.0
25	295494.0
26	356770.0
27	426840.0
28	505998.0
29	605267.0
30	729539.0
31	886896.0
32	1112911.0
33	1447930.0
34	2014051.0
35	3128789.0
36	6178856.0
37	1.2398524E7
38	1175245.0
39	913912.0
>>END_MODULE
>>Per base sequence content	pass
#Base	G	A	T	C
1	27.120994377556272	31.672775232061195	17.838555459130014	23.367674931252516
2	22.07136050120091	29.501079670451304	26.02432556683333	22.403234261514456
3	24.02570589788605	25.314825150544927	27.368042843561202	23.29142610800782
4	24.776303671713897	25.778069382672292	26.542068368099024	22.903558577514783
5	24.2954208099623	27.309254153048073	25.950116850191723	22.4452081867979
6	24.43954103753032	27.474471940443014	23.84706405857299	24.23892296345368
7	23.19374976713615	26.760086467720534	26.114501303559877	23.931662461583436
8	22.660073947318313	26.892313881843716	26.793241575987963	23.654370594850008
9	23.246333829763955	26.259695063125104	26.389353167868734	24.104617939242207
10-14	23.355023737084714	26.647593302971213	26.693792449055458	23.30359051088861
15-19	23.31513683503524	26.16197222876432	26.851787499024653	23.671103437175788
20-24	23.431650712386233	26.053927615205396	26.707237893713387	23.80718377869498
25-29	23.549966513972386	26.07865689412768	26.536457304266882	23.834919287633053
30-34	23.68296247748027	26.02457588928107	26.405579440786436	23.886882192452216
35-39	23.67130269380683	25.993391523381437	26.38795187775956	23.947353905052175
40-44	23.75656714385641	25.985221151313777	26.293027750761784	23.965183954068035
45-49	23.785428985947885	25.922317668268985	26.23616489761818	24.056088448164946
50-54	23.78571463885597	25.928718361102398	26.218333098434403	24.067233901607228
55-59	23.807379341147726	25.927742402660808	26.160489376720246	24.104388879471216
60-64	23.858926626624942	25.90327200610102	26.08802993967204	24.149771427601998
65-69	23.846060843751644	25.89477073959552	26.09680381693912	24.16236459971372
70-74	23.910839292109788	25.942011548625523	26.01618208604123	24.13096707322346
75-79	23.95291235365951	25.902334624687118	25.979566335819882	24.165186685833493
80-84	23.96035292279349	25.934029912285016	25.946156630524904	24.15946053439659
85-89	23.99709411322969	25.944344682748305	25.881171751442068	24.177389452579938
90-94	24.03440427141617	25.91409405342471	25.82164570280836	24.229855972350762
95-99	24.02352249610211	25.92009684557733	25.786680882512236	24.269699775808327
100-101	24.179638981210203	25.612780447411026	25.3956816391546	24.811898932224167
>>END_MODULE
>>Per base GC content	pass
#Base	%GC
1	50.48866930880879
2	44.47459476271536
3	47.31713200589387
4	47.679862249228684
5	46.7406289967602
6	48.678464000984
7	47.12541222871959
8	46.31444454216832
9	47.35095176900616
10-14	46.65861424797333
15-19	46.98624027221103
20-24	47.238834491081214
25-29	47.38488580160544
30-34	47.569844669932486
35-39	47.618656598859005
40-44	47.72175109792445
45-49	47.84151743411283
50-54	47.852948540463196
55-59	47.911768220618946
60-64	48.00869805422694
65-69	48.00842544346536
70-74	48.04180636533325
75-79	48.118099039493
80-84	48.119813457190084
85-89	48.17448356580963
90-94	48.264260243766934
95-99	48.29322227191044
100-101	48.99153791343437
>>END_MODULE
>>Per sequence GC content	fail
#GC Content	Count
0	19.0
1	21.5
2	30.5
3	38.5
4	46.0
5	70.5
6	102.5
7	137.0
8	176.5
9	201.0
10	263.0
11	364.0
12	508.5
13	674.5
14	927.0
15	1358.0
16	2069.0
17	3373.0
18	5647.0
19	9550.5
20	15677.5
21	24602.5
22	37505.0
23	56053.0
24	80404.5
25	110570.5
26	148026.0
27	192055.5
28	241430.0
29	296774.0
30	355415.0
31	417050.0
32	484124.0
33	555293.0
34	629627.5
35	707693.0
36	788689.0
37	873452.5
38	961233.0
39	1043051.0
40	1110145.5
41	1157342.0
42	1179241.0
43	1178354.5
44	1159708.5
45	1123802.0
46	1075164.5
47	1022217.5
48	972149.0
49	927275.0
50	890822.5
51	861553.5
52	838044.5
53	824067.5
54	820415.5
55	825545.5
56	833599.0
57	833932.5
58	820429.0
59	796753.5
60	763967.5
61	722533.5
62	674109.0
63	619360.0
64	559822.0
65	494712.0
66	428755.5
67	367747.0
68	310453.5
69	257841.5
70	211877.5
71	171638.5
72	137245.5
73	108042.5
74	83847.5
75	65439.0
76	51434.0
77	40520.5
78	31930.0
79	24872.0
80	19225.5
81	14822.0
82	11480.5
83	8700.0
84	6380.5
85	4608.0
86	3271.0
87	2254.5
88	1489.0
89	965.0
90	610.0
91	398.5
92	253.5
93	165.0
94	114.5
95	82.5
96	61.0
97	52.0
98	42.5
99	34.0
100	39.0
>>END_MODULE
>>Per base N content	pass
#Base	N-Count
1	0.003086928565189035
2	6.239536461552305E-4
3	7.85166549946534E-4
4	6.627641600309147E-4
5	5.911139805681131E-4
6	2.7764444541835613E-4
7	3.283966558711739E-4
8	0.0010150442090563559
9	8.74729274275036E-4
10-14	6.591816510577746E-4
15-19	5.457355335750055E-4
20-24	0.0011517766348645355
25-29	0.0027274834982173135
30-34	0.00630521579272654
35-39	0.0038165662260518977
40-44	0.002074272695448106
45-49	0.0014389744375445984
50-54	0.0024516303072855275
55-59	0.010400023549025651
60-64	0.011087268187039688
65-69	0.009393935612402145
70-74	0.03631051969726127
75-79	0.021624621246702374
80-84	0.014155687122534167
85-89	0.0030923023286487453
90-94	0.0031376807756418527
95-99	0.004285277816704391
100-101	0.015245068392783178
>>END_MODULE
>>Sequence Length Distribution	pass
#Length	Count
101	3.3496078E7
>>END_MODULE
>>Sequence Duplication Levels	warn
#Total Duplicate Percentage	22.610776169949197
#Duplication Level	Relative count
1	100.0
2	21.81186827939639
3	5.2783765990679905
4	1.3147533788580945
5	0.3711257696825745
6	0.13747789381284933
7	0.06002555927039901
8	0.032917242180541394
9	0.020653955877986754
10++	0.06002555927039901
>>END_MODULE
>>Overrepresented sequences	pass
>>END_MODULE
>>Kmer Content	pass
>>END_MODULE
