##FastQC	0.10.1
>>Basic Statistics	pass
#Measure	Value	
Filename	0W-AMT140_1.fastq.gz	
File type	Conventional base calls	
Encoding	Sanger / Illumina 1.9	
Total Sequences	33496078	
Filtered Sequences	0	
Sequence length	101	
%GC	47	
>>END_MODULE
>>Per base sequence quality	pass
#Base	Mean	Median	Lower Quartile	Upper Quartile	10th Percentile	90th Percentile
1	32.30973253047715	33.0	33.0	34.0	31.0	34.0
2	32.51722371795289	33.0	33.0	34.0	30.0	34.0
3	32.589048664145096	33.0	33.0	34.0	31.0	34.0
4	32.600697192071266	34.0	33.0	34.0	31.0	34.0
5	32.813753240006186	34.0	33.0	34.0	32.0	34.0
6	36.38307941604387	38.0	37.0	38.0	33.0	38.0
7	36.81428091372369	38.0	37.0	38.0	34.0	38.0
8	37.05569816263265	38.0	38.0	38.0	35.0	38.0
9	37.16567727720243	38.0	38.0	38.0	36.0	38.0
10-14	37.16673196187327	38.0	38.0	38.0	35.8	38.0
15-19	37.186810640935335	38.0	38.0	38.0	36.0	38.0
20-24	37.13474082547814	38.0	38.0	38.0	35.6	38.0
25-29	37.06591556181593	38.0	38.0	38.0	35.2	38.0
30-34	36.971583777658985	38.0	38.0	38.0	35.0	38.0
35-39	36.94698308858727	38.0	38.0	38.0	35.0	38.0
40-44	36.8744715724629	38.0	38.0	38.0	34.4	38.0
45-49	36.79385200858441	38.0	38.0	38.0	34.0	38.0
50-54	36.68673639940771	38.0	38.0	38.0	34.0	38.0
55-59	36.567872352100444	38.0	38.0	38.0	34.0	38.0
60-64	36.42996607543128	38.0	37.2	38.0	33.4	38.0
65-69	36.31603542360989	38.0	37.0	38.0	33.0	38.0
70-74	36.1460326131316	38.0	37.0	38.0	32.4	38.0
75-79	35.96040039672705	38.0	37.0	38.0	31.0	38.0
80-84	35.76453370451311	38.0	36.8	38.0	30.4	38.0
85-89	35.55201234007158	38.0	36.0	38.0	29.0	38.0
90-94	35.20469078797822	38.0	36.0	38.0	28.4	38.0
95-99	34.770220889741175	38.0	35.2	38.0	26.8	38.0
100-101	32.19696749273154	37.0	31.0	38.0	20.0	38.0
>>END_MODULE
>>Per sequence quality scores	pass
#Quality	Count
2	5454.0
3	1486.0
4	737.0
5	602.0
6	638.0
7	794.0
8	1250.0
9	2055.0
10	3033.0
11	3429.0
12	3996.0
13	4637.0
14	5441.0
15	6429.0
16	7651.0
17	9382.0
18	11400.0
19	13894.0
20	17331.0
21	23184.0
22	32781.0
23	49443.0
24	76774.0
25	116896.0
26	171260.0
27	239729.0
28	322183.0
29	420795.0
30	541574.0
31	692808.0
32	892267.0
33	1180614.0
34	1653402.0
35	2614328.0
36	5543477.0
37	1.6198987E7
38	892187.0
39	1733750.0
>>END_MODULE
>>Per base sequence content	warn
#Base	G	A	T	C
1	28.94315350465754	29.158078547827177	17.651592645925323	24.24717530158996
2	21.9698441879351	28.05506557221557	25.231973354274228	24.7431168855751
3	23.471041071696195	24.897089389020678	27.67019165836221	23.96167788092092
4	24.569032483493267	24.989491291325646	27.19240323061588	23.249072994565207
5	24.12202836177188	25.75114961475687	26.476582217974087	23.65023980549717
6	24.041289731648988	26.575009564719075	24.446663648350324	24.937037055281614
7	23.194596095698127	26.11562762661348	26.091884548393995	24.597891729294396
8	22.66541772442732	26.247263933407368	26.703780066430465	24.383538275734846
9	23.333218294989642	25.55332895988599	26.47689678773736	24.63655595738701
10-14	23.260151930983437	26.1123848532928	26.713328525124773	23.914134690598992
15-19	23.310887102521136	25.822124493230948	26.761381361302476	24.105607042945444
20-24	23.40929032529874	25.793821816432335	26.655181936713362	24.141705921555566
25-29	23.532888835522776	25.815827154450737	26.54338875136367	24.107895258662822
30-34	23.642438377412425	25.81302145283994	26.41783017104271	24.126709998704925
35-39	23.686839993625522	25.7882985584163	26.39677576580757	24.12808568215061
40-44	23.76439474496089	25.81473747463808	26.310927506199384	24.109940274201655
45-49	23.814579184999086	25.770621474060807	26.264584417552395	24.15021492338771
50-54	23.831221463464114	25.79027510783615	26.256399911218192	24.12210351748155
55-59	23.869005429002282	25.801899848354857	26.213564649335858	24.115530073307006
60-64	23.91284698953471	25.784564552793572	26.172438076070303	24.13015038160141
65-69	23.910662484163538	25.805274604001948	26.16429358532823	24.11976932650629
70-74	23.96329228450929	25.853270463967252	26.117325718400096	24.06611153312336
75-79	24.00408002554378	25.840849818274776	26.079589504496063	24.07548065168539
80-84	24.009303537247064	25.874351196410256	26.062895066786478	24.053450199556206
85-89	24.024545849321697	25.88277433559334	26.02923925897872	24.063440556106237
90-94	24.040482332105654	25.88019344666964	25.993309389074614	24.08601483215009
95-99	24.011587961993584	25.907519566055853	25.99602546820476	24.0848670037458
100-101	24.09551678773256	25.835288982528503	25.91386077469533	24.155333455043603
>>END_MODULE
>>Per base GC content	warn
#Base	%GC
1	53.1903288062475
2	46.7129610735102
3	47.432718952617115
4	47.81810547805848
5	47.77226816726905
6	48.9783267869306
7	47.79248782499253
8	47.048956000162164
9	47.96977425237665
10-14	47.174286621582425
15-19	47.41649414546657
20-24	47.550996246854304
25-29	47.6407840941856
30-34	47.76914837611735
35-39	47.81492567577613
40-44	47.87433501916254
45-49	47.9647941083868
50-54	47.953324980945666
55-59	47.98453550230929
60-64	48.042997371136124
65-69	48.030431810669825
70-74	48.02940381763265
75-79	48.07956067722917
80-84	48.062753736803266
85-89	48.087986405427934
90-94	48.126497164255746
95-99	48.09645496573938
100-101	48.25085024277617
>>END_MODULE
>>Per sequence GC content	fail
#GC Content	Count
0	16.0
1	22.5
2	23.5
3	22.0
4	26.5
5	38.5
6	50.5
7	75.5
8	109.5
9	140.0
10	185.0
11	235.5
12	324.0
13	484.5
14	696.5
15	1063.5
16	1698.5
17	2833.0
18	4899.0
19	8335.5
20	13890.5
21	22278.5
22	34415.0
23	51143.0
24	73363.5
25	101697.0
26	136282.5
27	176806.0
28	223644.0
29	275173.0
30	330339.0
31	391173.5
32	457276.0
33	527450.5
34	601361.5
35	679199.0
36	762706.5
37	852972.5
38	943612.5
39	1031114.5
40	1108185.0
41	1160935.5
42	1187729.5
43	1190627.5
44	1174111.5
45	1141299.5
46	1093017.0
47	1038986.0
48	987446.5
49	943273.0
50	907497.0
51	878107.5
52	856149.0
53	843785.5
54	842108.5
55	848070.0
56	855854.0
57	855896.0
58	841755.0
59	816066.0
60	781638.0
61	738734.0
62	688211.0
63	631317.5
64	567736.5
65	499768.0
66	431432.5
67	367533.0
68	308718.0
69	254840.0
70	208347.0
71	167066.0
72	131614.0
73	102891.0
74	79245.0
75	60804.0
76	47209.0
77	36898.0
78	28823.0
79	22372.5
80	17079.5
81	12907.5
82	9857.5
83	7417.0
84	5365.0
85	3699.5
86	2545.5
87	1635.0
88	981.0
89	583.5
90	337.5
91	203.5
92	91.0
93	38.0
94	31.0
95	17.5
96	8.5
97	7.0
98	3.5
99	2.0
100	0.0
>>END_MODULE
>>Per base N content	pass
#Base	N-Count
1	0.07009178805948565
2	0.003507873369532994
3	5.373763459710119E-5
4	1.4927120721416995E-4
5	0.008012878403256644
6	0.001740502276117222
7	0.0
8	0.0
9	0.0
10-14	8.00093670667951E-5
15-19	4.179593801996759E-6
20-24	3.666100849180014E-4
25-29	0.0
30-34	0.0
35-39	0.0
40-44	0.0
45-49	7.762102775136838E-6
50-54	8.180062155336514E-5
55-59	0.006644957060345991
60-64	0.02433598345454056
65-69	0.019689469316377876
70-74	6.263419854706572E-4
75-79	3.940759870454088E-5
80-84	2.985424144283399E-6
85-89	1.0150442090563558E-5
90-94	1.1344611748276918E-5
95-99	2.0300884181127117E-5
100-101	0.0036810279699014316
>>END_MODULE
>>Sequence Length Distribution	pass
#Length	Count
101	3.3496078E7
>>END_MODULE
>>Sequence Duplication Levels	warn
#Total Duplicate Percentage	23.27389871141744
#Duplication Level	Relative count
1	100.0
2	22.744937215615053
3	5.387284290559234
4	1.3780668007629164
5	0.3931754122157778
6	0.11912433846934989
7	0.06314240891544776
8	0.03319858613080243
9	0.017575722069248345
10++	0.054029071546207875
>>END_MODULE
>>Overrepresented sequences	pass
>>END_MODULE
>>Kmer Content	pass
>>END_MODULE
