##FastQC	0.10.1
>>Basic Statistics	pass
#Measure	Value	
Filename	0W-AMT137_2.fastq.gz	
File type	Conventional base calls	
Encoding	Sanger / Illumina 1.9	
Total Sequences	39499517	
Filtered Sequences	0	
Sequence length	101	
%GC	47	
>>END_MODULE
>>Per base sequence quality	pass
#Base	Mean	Median	Lower Quartile	Upper Quartile	10th Percentile	90th Percentile
1	32.37727286639986	33.0	33.0	34.0	31.0	34.0
2	32.51765838048096	33.0	33.0	34.0	31.0	34.0
3	32.59785566491864	33.0	33.0	34.0	31.0	34.0
4	32.51915044935866	33.0	33.0	34.0	32.0	34.0
5	32.53844663467657	33.0	33.0	34.0	31.0	34.0
6	36.612575136045336	38.0	38.0	38.0	34.0	38.0
7	36.619287015585535	38.0	38.0	38.0	34.0	38.0
8	36.610340222641206	38.0	38.0	38.0	34.0	38.0
9	36.618285079283375	38.0	38.0	38.0	34.0	38.0
10-14	36.59165470301827	38.0	38.0	38.0	34.0	38.0
15-19	36.50392256695189	38.0	38.0	38.0	34.0	38.0
20-24	36.45427004588436	38.0	38.0	38.0	34.0	38.0
25-29	36.344207535499734	38.0	38.0	38.0	33.6	38.0
30-34	36.26401506631081	38.0	38.0	38.0	33.2	38.0
35-39	36.210809458758696	38.0	38.0	38.0	33.0	38.0
40-44	36.09955264009937	38.0	37.6	38.0	33.0	38.0
45-49	35.99220293250674	38.0	37.0	38.0	32.2	38.0
50-54	35.82849305726954	38.0	37.0	38.0	31.0	38.0
55-59	35.618531958251545	38.0	37.0	38.0	29.6	38.0
60-64	35.432660368986284	38.0	37.0	38.0	29.0	38.0
65-69	35.232486392175375	38.0	36.2	38.0	28.6	38.0
70-74	34.84962002446764	38.0	36.0	38.0	26.8	38.0
75-79	34.59231074648331	38.0	35.2	38.0	25.4	38.0
80-84	34.14282119449714	38.0	34.4	38.0	24.2	38.0
85-89	33.57127528926493	38.0	33.8	38.0	19.0	38.0
90-94	32.75997117635641	38.0	32.8	38.0	15.0	38.0
95-99	31.275579476073084	37.2	30.6	38.0	8.8	38.0
100-101	25.924539672219282	33.0	15.5	37.5	2.0	38.0
>>END_MODULE
>>Per sequence quality scores	pass
#Quality	Count
2	52906.0
3	18022.0
4	11792.0
5	11100.0
6	11002.0
7	11947.0
8	13224.0
9	14425.0
10	16900.0
11	18964.0
12	22096.0
13	26079.0
14	31636.0
15	38333.0
16	47518.0
17	59268.0
18	73175.0
19	92898.0
20	116379.0
21	147961.0
22	185595.0
23	231033.0
24	283893.0
25	345360.0
26	417005.0
27	498872.0
28	596174.0
29	712231.0
30	861216.0
31	1052906.0
32	1318276.0
33	1723863.0
34	2413672.0
35	3795109.0
36	7699339.0
37	1.6529348E7
>>END_MODULE
>>Per base sequence content	pass
#Base	G	A	T	C
1	26.64391567117137	32.1910037532864	18.545391327190153	22.619689248352078
2	22.28745227441642	30.151335774561495	26.719810270085077	20.84140168093701
3	24.520947697131433	25.927542824152926	26.76376106764094	22.787748411074706
4	24.904770026649278	26.474845264030844	25.940401445784683	22.679983263535195
5	24.582473353113354	27.869617441557104	25.71448137702153	21.83342782830801
6	24.28997658878024	27.270573502098273	24.54914230802834	23.89030760109315
7	23.383635085873035	27.128082567492957	26.326691033101017	23.16159131353299
8	22.586734458016632	27.08254270626689	27.05684600801666	23.273876827699816
9	23.140451385328696	26.632147058845867	26.576090355041828	23.65131120078361
10-14	23.208045368299963	26.943808976048132	26.91392186261133	22.934223793040577
15-19	23.1864178237301	26.418090975606766	27.01858981127358	23.376901389389552
20-24	23.31060055559118	26.28428560184879	26.87251712520553	23.5325967173545
25-29	23.448274727143772	26.3116616184292	26.668282264688326	23.5717813897387
30-34	23.574220531105254	26.231512517931087	26.548391700025164	23.645875250938495
35-39	23.574347815127624	26.190256310859777	26.530749674394556	23.704646199618047
40-44	23.64558135981035	26.164654752036725	26.441687784919832	23.7480761032331
45-49	23.697678134684967	26.090493123473692	26.364303207032396	23.847525534808952
50-54	23.682715859740537	26.086865599621262	26.35691811513799	23.87350042550021
55-59	23.72178957263374	26.080587353065138	26.285465544624238	23.912157529676882
60-64	23.75114826103399	26.035178970724637	26.232511743912518	23.981161024328852
65-69	23.748682133675903	26.036008596105574	26.21915098493642	23.996158285282107
70-74	23.802284909994956	26.067054783091777	26.14243232970976	23.98822797720351
75-79	23.8306246576364	26.03810528943942	26.107567252114343	24.023702800809836
80-84	23.837254146851254	26.05669601960467	26.079942142712397	24.026107690831676
85-89	23.877349781296054	26.071401734724546	26.010284938958144	24.040963545021256
90-94	23.905422427122446	26.024103175570872	25.95972275276905	24.110751644537633
95-99	23.898537785453698	26.042862699361624	25.918170554803684	24.14042896038099
100-101	24.046818224645534	25.70529460552843	25.50895256874291	24.73893460108313
>>END_MODULE
>>Per base GC content	pass
#Base	%GC
1	49.263604919523445
2	43.12885395535343
3	47.308696108206135
4	47.58475329018447
5	46.41590118142137
6	48.18028418987339
7	46.545226399406026
8	45.860611285716445
9	46.791762586112306
10-14	46.142269161340536
15-19	46.563319213119655
20-24	46.84319727294568
25-29	47.02005611688247
30-34	47.22009578204375
35-39	47.27899401474567
40-44	47.393657463043446
45-49	47.545203669493915
50-54	47.55621628524075
55-59	47.63394710231063
60-64	47.732309285362845
65-69	47.744840418958006
70-74	47.79051288719847
75-79	47.854327458446235
80-84	47.86336183768293
85-89	47.91831332631731
90-94	48.016174071660075
95-99	48.03896674583469
100-101	48.785752825728665
>>END_MODULE
>>Per sequence GC content	warn
#GC Content	Count
0	23.0
1	32.0
2	49.0
3	64.5
4	82.0
5	114.5
6	140.0
7	160.0
8	204.5
9	246.0
10	335.5
11	465.0
12	576.5
13	795.0
14	1143.5
15	1690.0
16	2674.5
17	4447.0
18	7439.5
19	12395.5
20	20258.5
21	32229.0
22	49308.5
23	72948.5
24	104095.0
25	143021.0
26	190319.0
27	244871.5
28	307550.5
29	376454.0
30	448145.0
31	525659.5
32	607318.0
33	691667.5
34	779305.0
35	868873.0
36	962185.0
37	1060084.5
38	1159062.0
39	1251902.0
40	1327650.0
41	1378596.0
42	1400596.5
43	1397276.0
44	1373424.0
45	1327303.5
46	1266516.0
47	1202376.0
48	1142055.5
49	1087685.5
50	1042507.5
51	1004791.5
52	973315.5
53	955446.0
54	948472.5
55	949218.5
56	954731.5
57	951537.5
58	933518.0
59	903435.0
60	863288.0
61	816045.5
62	761848.0
63	699679.0
64	631467.5
65	558807.5
66	485948.5
67	417624.0
68	353640.0
69	294368.5
70	242613.5
71	197445.5
72	157881.0
73	125040.5
74	98088.0
75	76957.0
76	60889.5
77	48465.0
78	38542.0
79	30110.5
80	23230.0
81	18209.5
82	14319.0
83	10946.0
84	8016.5
85	5631.0
86	3922.5
87	2671.0
88	1764.0
89	1098.5
90	723.0
91	478.5
92	305.5
93	183.5
94	126.0
95	102.5
96	84.0
97	60.5
98	39.5
99	33.0
100	32.5
>>END_MODULE
>>Per base N content	pass
#Base	N-Count
1	0.0
2	0.0
3	5.0633530531525234E-5
4	3.443080076143716E-4
5	1.569639446477282E-4
6	2.0253412212610094E-4
7	2.481042996044737E-4
8	7.06337750914777E-4
9	5.746905715328114E-4
10-14	5.544371593202013E-4
15-19	6.491218614141534E-4
20-24	0.0013817890482053237
25-29	0.003146873922534293
30-34	0.007307431126309722
35-39	0.004337774560635767
40-44	0.0022936989330780934
45-49	0.001350396259275778
50-54	0.002099266175837036
55-59	0.011734320700680973
60-64	0.0126912944277268
65-69	0.010725700772492991
70-74	0.040864297150772756
75-79	0.024564351002064153
80-84	0.016405263892214177
85-89	0.0034759918709892073
90-94	0.0037595396419657485
95-99	0.004862337936942369
100-101	0.004069670016471341
>>END_MODULE
>>Sequence Length Distribution	pass
#Length	Count
101	3.9499517E7
>>END_MODULE
>>Sequence Duplication Levels	warn
#Total Duplicate Percentage	25.243028843752185
#Duplication Level	Relative count
1	100.0
2	24.173738723688608
3	6.708987637821584
4	1.879719345138657
5	0.531907784831273
6	0.1804209822920147
7	0.07150016705646509
8	0.0273972602739726
9	0.021383227530905446
10++	0.05011693952555964
>>END_MODULE
>>Overrepresented sequences	pass
>>END_MODULE
>>Kmer Content	pass
>>END_MODULE
