##FastQC	0.10.1
>>Basic Statistics	pass
#Measure	Value	
Filename	AMT014_1.fastq.gz	
File type	Conventional base calls	
Encoding	Sanger / Illumina 1.9	
Total Sequences	35202835	
Filtered Sequences	0	
Sequence length	101	
%GC	47	
>>END_MODULE
>>Per base sequence quality	pass
#Base	Mean	Median	Lower Quartile	Upper Quartile	10th Percentile	90th Percentile
1	28.673075336119947	32.0	25.0	33.0	18.0	35.0
2	30.947491785817817	33.0	29.0	33.0	27.0	35.0
3	31.316026905219424	33.0	31.0	33.0	27.0	35.0
4	32.32189498374208	33.0	32.0	34.0	30.0	35.0
5	32.64896565858972	33.0	33.0	34.0	31.0	35.0
6	36.65884409593716	38.0	37.0	38.0	34.0	40.0
7	37.04577415426911	38.0	38.0	38.0	35.0	40.0
8	37.254560179599174	38.0	38.0	38.0	35.0	40.0
9	37.30075228316129	38.0	38.0	38.0	36.0	40.0
10-14	37.30215773246671	38.0	38.0	38.0	36.0	40.0
15-19	37.2158303216204	38.0	38.0	38.0	35.2	40.0
20-24	37.14464268573824	38.0	38.0	38.0	35.0	40.0
25-29	37.05950533813541	38.0	38.0	38.0	35.0	39.4
30-34	36.99349107536368	38.0	38.0	38.0	35.0	39.0
35-39	36.86348414268339	38.0	38.0	38.0	34.2	39.0
40-44	36.862815412451866	38.0	38.0	38.0	34.0	39.0
45-49	36.746426985212985	38.0	38.0	38.0	34.0	39.0
50-54	36.63708260996593	38.0	38.0	38.0	34.0	39.0
55-59	36.49790817699768	38.0	37.4	38.0	33.4	39.0
60-64	36.31808013757983	38.0	37.0	38.0	33.0	39.0
65-69	36.14241649003553	38.0	37.0	38.0	31.0	39.0
70-74	35.99493961210795	38.0	37.0	38.0	31.0	39.0
75-79	35.85444189935271	38.0	36.6	38.0	30.6	39.0
80-84	35.66622422313431	38.0	36.0	38.0	29.2	39.0
85-89	35.423897990034035	38.0	36.0	38.0	29.0	39.0
90-94	35.14234817167424	38.0	35.8	38.0	27.6	39.0
95-99	34.59051327542228	38.0	34.8	38.0	26.0	39.0
100-101	32.3164970378096	37.0	30.5	38.0	19.0	38.5
>>END_MODULE
>>Per sequence quality scores	pass
#Quality	Count
2	7402.0
3	2666.0
4	1109.0
5	757.0
6	589.0
7	765.0
8	1194.0
9	1935.0
10	2658.0
11	3006.0
12	3506.0
13	4022.0
14	5023.0
15	5947.0
16	7314.0
17	9153.0
18	11483.0
19	13948.0
20	17769.0
21	23499.0
22	33155.0
23	51923.0
24	82287.0
25	127334.0
26	189469.0
27	267543.0
28	364927.0
29	483114.0
30	628750.0
31	810690.0
32	1053269.0
33	1402316.0
34	1965394.0
35	3086547.0
36	6461571.0
37	1.4081723E7
38	1653393.0
39	2335685.0
>>END_MODULE
>>Per base sequence content	pass
#Base	G	A	T	C
1	23.956800980556604	31.778071555375664	21.37305177386943	22.8920756901983
2	22.629192228900884	27.470381707427755	27.158167953199897	22.742258110471465
3	23.865937646703973	25.003364799296328	28.03324938710657	23.097448166893138
4	24.041137595878286	26.154825314495266	26.540459028370865	23.263578061255576
5	24.025591216153828	26.317556185912366	26.12098369376501	23.5358689041688
6	23.625042835735794	26.412718518358382	25.4217134334089	24.540525212496924
7	23.236804649398266	26.532039251952295	26.40781630229497	23.82333979635447
8	22.727217850494146	26.528866212053657	26.74761848015934	23.996297457292854
9	23.132622699279757	26.114808651064607	26.622421177158035	24.130147472497598
10-14	23.01444585357969	26.44638251436284	26.92920328717843	23.609968344879043
15-19	23.123585053574068	26.137969582710816	26.895296664547573	23.84314869916754
20-24	23.247520963851468	26.04496726496583	26.78927436832445	23.91823740285825
25-29	23.396001565988545	26.08264775031408	26.6443307236043	23.877019960093072
30-34	23.535073179435837	26.038330917512205	26.523075321106422	23.903520581945536
35-39	23.60786020861858	26.008650068537076	26.465340643977697	23.918149078866648
40-44	23.694990771357315	26.000712352564115	26.400937980114602	23.903358895963972
45-49	23.77496511530934	25.95714031115246	26.325205918772447	23.942688654765753
50-54	23.804752647317724	25.95228972307163	26.304654103918136	23.93830352569251
55-59	23.853177181485748	25.971513496428212	26.25365783109607	23.921651490989966
60-64	23.90470144722104	25.952753102216676	26.19686301720755	23.945682433354737
65-69	23.929570758615764	25.953485414082962	26.17629554032105	23.940648286980228
70-74	23.972956965771314	25.987231072111943	26.12953364687601	23.910278315240735
75-79	24.0224637954483	25.968851937903857	26.08919540364671	23.91948886300113
80-84	24.031795459937214	25.981941266035548	26.074008606053	23.91225466797424
85-89	24.05451524908731	26.020773672340415	26.036684911736312	23.888026166835964
90-94	24.082580039755438	26.01251458433832	25.991881584797078	23.913023791109165
95-99	24.068549844551978	26.03544028531396	25.982916568710344	23.913093301423718
100-101	24.0922249162905	25.9820282278421	25.979214403553197	23.9465324523142
>>END_MODULE
>>Per base GC content	pass
#Base	%GC
1	46.848876670754905
2	45.37145033937235
3	46.96338581359711
4	47.30471565713387
5	47.56146012032263
6	48.16556804823272
7	47.060144445752734
8	46.723515307787
9	47.262770171777355
10-14	46.62441419845873
15-19	46.966733752741604
20-24	47.16575836670972
25-29	47.273021526081614
30-34	47.43859376138138
35-39	47.52600928748522
40-44	47.59834966732128
45-49	47.71765377007509
50-54	47.74305617301023
55-59	47.774828672475714
60-64	47.85038388057578
65-69	47.870219045595995
70-74	47.88323528101205
75-79	47.94195265844943
80-84	47.94405012791145
85-89	47.94254141592327
90-94	47.9956038308646
95-99	47.981643145975696
100-101	48.0387573686047
>>END_MODULE
>>Per sequence GC content	fail
#GC Content	Count
0	21.0
1	22.0
2	27.0
3	33.5
4	38.5
5	50.0
6	68.0
7	79.5
8	101.5
9	155.0
10	221.0
11	282.0
12	372.5
13	532.5
14	765.5
15	1138.0
16	1754.5
17	2904.0
18	4922.5
19	8269.5
20	13606.5
21	21723.5
22	33887.5
23	51032.5
24	73799.0
25	102964.5
26	138995.0
27	181768.5
28	231547.0
29	287718.0
30	347942.5
31	413159.5
32	484824.5
33	561986.5
34	644737.0
35	731696.5
36	825180.0
37	927143.0
38	1032625.5
39	1135429.0
40	1222506.0
41	1283744.0
42	1313186.0
43	1313972.5
44	1291583.5
45	1247311.0
46	1185408.0
47	1116775.0
48	1051570.5
49	993019.5
50	947531.0
51	912274.0
52	884377.5
53	868250.5
54	862775.5
55	865532.0
56	873201.5
57	872321.5
58	856093.5
59	827112.5
60	787832.0
61	741321.5
62	688406.0
63	629051.0
64	564183.0
65	494120.5
66	424059.5
67	360012.0
68	300948.0
69	248216.5
70	202342.0
71	161780.0
72	127215.0
73	98749.5
74	76042.5
75	58748.0
76	45749.5
77	35593.0
78	27560.5
79	21097.0
80	15966.0
81	12196.0
82	9277.5
83	6804.0
84	4857.0
85	3270.5
86	2126.0
87	1389.0
88	822.0
89	448.5
90	259.5
91	155.5
92	69.0
93	32.0
94	22.5
95	18.0
96	13.0
97	9.5
98	4.5
99	2.0
100	3.5
>>END_MODULE
>>Per base N content	pass
#Base	N-Count
1	0.9779496452487422
2	9.942381061070792E-4
3	4.005359227459948E-4
4	0.0
5	0.014581211996136106
6	0.004266701815350951
7	0.0
8	0.0
9	0.0
10-14	0.0
15-19	1.1362721212652333E-6
20-24	5.681360606326167E-7
25-29	6.590378303338353E-5
30-34	1.0112821879260578E-4
35-39	0.08411481632090143
40-44	1.1874043667221689E-4
45-49	4.079216915342187E-4
50-54	2.0282457364584415E-4
55-59	4.073535554735862E-4
60-64	4.778024269920306E-4
65-69	1.0340076303513623E-4
70-74	2.8065921395251266E-4
75-79	2.636151321335341E-4
80-84	3.5110808547095707E-4
85-89	1.3123943000613444E-4
90-94	1.0794585152019716E-5
95-99	2.016883015245789E-4
100-101	0.004635990254762152
>>END_MODULE
>>Sequence Length Distribution	pass
#Length	Count
101	3.5202835E7
>>END_MODULE
>>Sequence Duplication Levels	warn
#Total Duplicate Percentage	30.133662204602533
#Duplication Level	Relative count
1	100.0
2	29.34916993618192
3	9.296857692115287
4	2.879317368093819
5	0.9176082155950518
6	0.308013349627311
7	0.10362398073308607
8	0.03501775900635322
9	0.01572225914570961
10++	0.024298036861551214
>>END_MODULE
>>Overrepresented sequences	pass
>>END_MODULE
>>Kmer Content	pass
>>END_MODULE
