##FastQC	0.10.1
>>Basic Statistics	pass
#Measure	Value	
Filename	0W-AMT137_1.fastq.gz	
File type	Conventional base calls	
Encoding	Sanger / Illumina 1.9	
Total Sequences	39499517	
Filtered Sequences	0	
Sequence length	101	
%GC	47	
>>END_MODULE
>>Per base sequence quality	pass
#Base	Mean	Median	Lower Quartile	Upper Quartile	10th Percentile	90th Percentile
1	32.16469745693346	33.0	33.0	34.0	30.0	34.0
2	32.38887255254286	33.0	33.0	34.0	30.0	34.0
3	32.47144908126345	33.0	33.0	34.0	30.0	34.0
4	32.47445453573521	33.0	33.0	34.0	31.0	34.0
5	32.70451334885943	33.0	33.0	34.0	32.0	34.0
6	36.15923103566051	38.0	36.0	38.0	33.0	38.0
7	36.63700389045263	38.0	37.0	38.0	34.0	38.0
8	36.89920086870936	38.0	38.0	38.0	35.0	38.0
9	37.02016713267658	38.0	38.0	38.0	36.0	38.0
10-14	37.01888472712211	38.0	38.0	38.0	35.8	38.0
15-19	37.048122623879166	38.0	38.0	38.0	36.0	38.0
20-24	36.993109100549255	38.0	38.0	38.0	36.0	38.0
25-29	36.93059670071409	38.0	38.0	38.0	35.2	38.0
30-34	36.83655184441876	38.0	38.0	38.0	35.0	38.0
35-39	36.81751044702648	38.0	38.0	38.0	35.0	38.0
40-44	36.74827482067691	38.0	38.0	38.0	34.8	38.0
45-49	36.67159465266373	38.0	38.0	38.0	34.2	38.0
50-54	36.563472409042376	38.0	38.0	38.0	34.0	38.0
55-59	36.441654929603324	38.0	38.0	38.0	34.0	38.0
60-64	36.29562225279869	38.0	37.2	38.0	33.4	38.0
65-69	36.18640946926009	38.0	37.0	38.0	33.0	38.0
70-74	36.010924579153716	38.0	37.0	38.0	32.6	38.0
75-79	35.81291685161618	38.0	37.0	38.0	31.0	38.0
80-84	35.613860174543404	38.0	36.6	38.0	30.6	38.0
85-89	35.39533806957691	38.0	36.0	38.0	29.0	38.0
90-94	35.0321766466157	38.0	36.0	38.0	28.4	38.0
95-99	34.58010019211121	38.0	35.2	38.0	26.6	38.0
100-101	31.84409986582874	36.5	30.5	38.0	20.0	38.0
>>END_MODULE
>>Per sequence quality scores	pass
#Quality	Count
2	7541.0
3	1978.0
4	1003.0
5	841.0
6	819.0
7	1007.0
8	1544.0
9	2759.0
10	3825.0
11	4541.0
12	5319.0
13	6029.0
14	7079.0
15	8256.0
16	9875.0
17	11807.0
18	14119.0
19	17303.0
20	21721.0
21	28208.0
22	39593.0
23	58447.0
24	90235.0
25	135829.0
26	196049.0
27	274394.0
28	369177.0
29	483386.0
30	625342.0
31	804557.0
32	1051337.0
33	1409507.0
34	2011798.0
35	3250874.0
36	7102274.0
37	2.1441144E7
>>END_MODULE
>>Per base sequence content	pass
#Base	G	A	T	C
1	28.15167197316099	29.547044196750345	18.500444104117307	23.80083972597136
2	22.139783665099205	28.76566092206474	25.864534748918132	23.230020663917923
3	24.01568859690107	25.658860588092764	26.93473694880877	23.3907138661974
4	24.783520770646387	25.6638555858797	26.475427534974667	23.07719610849925
5	24.483048742089682	26.294384814882672	26.21751552050624	23.00505092252141
6	23.839023145523527	26.342413250268354	25.111628580167196	24.706935024040927
7	23.275535242620816	26.453275365367123	26.28273403950737	23.98845535250469
8	22.535060365421682	26.39431768241622	26.944904161739498	24.125717790422602
9	23.137346211094176	25.93849945051227	26.643452374367012	24.280701964026548
10-14	23.05107275109212	26.403169942559046	26.9219752737736	23.62378203257523
15-19	23.116785959686545	26.07141398716344	26.930979940843326	23.88082011230669
20-24	23.21621045642311	26.025456892153443	26.829439657015964	23.928892994407487
25-29	23.373473149051417	26.041944766058784	26.68010041743042	23.904481667459375
30-34	23.494336905436082	26.017106993991852	26.56152428395517	23.927031816616896
35-39	23.53701894633294	25.976085732896433	26.540484026678097	23.94641129409253
40-44	23.636781685203896	25.98434861874387	26.451085465171637	23.927784230880594
45-49	23.693359592219824	25.927636532872032	26.395202250194604	23.98380162471354
50-54	23.702169649444794	25.940424526224714	26.391550280076736	23.965855544253753
55-59	23.747337648492962	25.956739179041094	26.336254675690945	23.959668496775
60-64	23.78609349951271	25.92652345338174	26.293926698693586	23.993456348411968
65-69	23.78819944103197	25.941647094844516	26.28625580630977	23.983897657813742
70-74	23.837838781543883	25.98242208400321	26.231069372051074	23.948669762401835
75-79	23.870814420338355	25.966273967350027	26.19768692361479	23.965224688696825
80-84	23.868913131266897	25.991727949483533	26.19420536205544	23.94515355719413
85-89	23.897106387402157	26.02156223834332	26.143197649733285	23.938133724521236
90-94	23.899086158445936	26.003529106444518	26.12323538032123	23.974149354788313
95-99	23.888110328032617	26.033756817836533	26.111680808653936	23.96645204547691
100-101	23.964327062610604	25.932331375187413	26.058730909134226	24.04461065306776
>>END_MODULE
>>Per base GC content	pass
#Base	%GC
1	51.952511699132344
2	45.369804329017136
3	47.40640246309847
4	47.860716879145635
5	47.48809966461109
6	48.54595816956445
7	47.263990595125506
8	46.660778155844284
9	47.418048175120724
10-14	46.67485478366735
15-19	46.99760607199324
20-24	47.1451034508306
25-29	47.27795481651079
30-34	47.42136872205298
35-39	47.48343024042547
40-44	47.5645659160845
45-49	47.677161216933364
50-54	47.66802519369855
55-59	47.70700614526796
60-64	47.77954984792467
65-69	47.77209709884571
70-74	47.786508543945715
75-79	47.836039109035184
80-84	47.814066688461025
85-89	47.8352401119234
90-94	47.87323551323425
95-99	47.85456237350953
100-101	48.00893771567837
>>END_MODULE
>>Per sequence GC content	warn
#GC Content	Count
0	26.0
1	30.5
2	36.5
3	41.0
4	53.0
5	63.0
6	82.0
7	111.0
8	152.0
9	199.0
10	262.5
11	345.5
12	440.5
13	612.0
14	889.5
15	1397.5
16	2302.0
17	3837.0
18	6671.5
19	11297.5
20	18742.0
21	30117.5
22	46026.0
23	67758.5
24	96878.0
25	133281.0
26	177168.0
27	227997.5
28	285984.0
29	350260.5
30	418537.5
31	492725.5
32	571253.5
33	654164.0
34	743016.5
35	834545.5
36	929897.0
37	1033054.5
38	1137341.5
39	1234824.0
40	1320371.0
41	1379579.0
42	1406649.0
43	1406337.0
44	1384238.0
45	1343492.5
46	1285936.5
47	1223514.0
48	1164085.5
49	1111064.0
50	1068086.5
51	1030707.5
52	999397.0
53	982319.5
54	977410.5
55	980331.5
56	985703.0
57	981847.5
58	963003.0
59	930070.0
60	887689.0
61	837660.5
62	779358.0
63	713390.5
64	641608.5
65	564368.0
66	486642.5
67	415635.0
68	350540.0
69	289908.5
70	236112.0
71	189974.5
72	150769.5
73	118177.5
74	91700.5
75	71094.5
76	55448.5
77	43939.0
78	34663.5
79	26740.5
80	20621.0
81	16113.5
82	12528.0
83	9283.0
84	6528.0
85	4488.5
86	3147.0
87	2073.0
88	1203.0
89	654.0
90	406.5
91	249.5
92	111.5
93	49.0
94	36.5
95	25.5
96	14.0
97	7.5
98	3.5
99	1.0
100	1.0
>>END_MODULE
>>Per base N content	pass
#Base	N-Count
1	0.053575338655406854
2	0.004260811594227849
3	0.0
4	0.0
5	0.0
6	0.0
7	0.0
8	0.0
9	0.0
10-14	0.0
15-19	0.0
20-24	4.1215693852661537E-4
25-29	0.0
30-34	0.0
35-39	0.0
40-44	0.0
45-49	0.0
50-54	5.2658871752786246E-5
55-59	0.007463382400346819
60-64	0.027499070431671352
65-69	0.022316222246464432
70-74	6.901350211446889E-4
75-79	0.0
80-84	0.0
85-89	0.0
90-94	0.0
95-99	0.0
100-101	4.1139743556864255E-4
>>END_MODULE
>>Sequence Length Distribution	pass
#Length	Count
101	3.9499517E7
>>END_MODULE
>>Sequence Duplication Levels	warn
#Total Duplicate Percentage	25.574785844509375
#Duplication Level	Relative count
1	100.0
2	24.862586659329008
3	6.5777199116796305
4	1.88184130520862
5	0.5577068918075475
6	0.1845600424152534
7	0.06241485070770387
8	0.04093877304483802
9	0.011409166258397482
10++	0.046307792460554484
>>END_MODULE
>>Overrepresented sequences	pass
>>END_MODULE
>>Kmer Content	pass
>>END_MODULE
