##FastQC	0.10.1
>>Basic Statistics	pass
#Measure	Value	
Filename	AMT014_2.fastq.gz	
File type	Conventional base calls	
Encoding	Sanger / Illumina 1.9	
Total Sequences	35202835	
Filtered Sequences	0	
Sequence length	101	
%GC	47	
>>END_MODULE
>>Per base sequence quality	pass
#Base	Mean	Median	Lower Quartile	Upper Quartile	10th Percentile	90th Percentile
1	31.991059413254643	33.0	32.0	34.0	28.0	35.0
2	32.060153450709294	33.0	32.0	34.0	28.0	35.0
3	32.15695528499338	33.0	33.0	34.0	30.0	35.0
4	32.04312402680068	33.0	33.0	34.0	30.0	35.0
5	32.06974415554883	33.0	33.0	34.0	30.0	35.0
6	36.04230892199449	38.0	37.0	38.0	31.0	39.0
7	35.95074729066565	38.0	37.0	38.0	30.0	39.0
8	35.96828371919477	38.0	37.0	38.0	31.0	39.0
9	36.03337279511721	38.0	37.0	38.0	31.0	39.0
10-14	36.01883898271261	38.0	37.0	38.0	31.0	39.0
15-19	35.97099731314254	38.0	37.0	38.0	30.6	39.0
20-24	35.89780706582297	38.0	37.0	38.0	29.2	39.0
25-29	35.80725679053974	38.0	37.0	38.0	29.0	39.0
30-34	35.7404747430143	38.0	37.0	38.0	29.0	39.0
35-39	35.64600168708004	38.0	37.0	38.0	29.0	39.0
40-44	35.53224578645442	38.0	37.0	38.0	28.2	39.0
45-49	35.42815861279354	38.0	36.6	38.0	28.0	39.0
50-54	35.298675842442805	38.0	36.0	38.0	27.4	39.0
55-59	35.15436159047986	38.0	36.0	38.0	27.0	39.0
60-64	34.94699356458081	38.0	36.0	38.0	26.8	39.0
65-69	34.752460902651734	38.0	35.8	38.0	25.4	39.0
70-74	34.500152104226835	38.0	35.0	38.0	25.0	39.0
75-79	34.22347179140543	38.0	34.6	38.0	23.2	39.0
80-84	33.93809873551377	38.0	34.0	38.0	16.0	38.6
85-89	33.58056782074512	38.0	34.0	38.0	15.8	38.0
90-94	33.112844360404495	38.0	33.4	38.0	15.0	38.0
95-99	32.33408559850365	37.8	31.2	38.0	15.0	38.0
100-101	29.34930719358256	35.0	23.0	38.0	8.5	38.0
>>END_MODULE
>>Per sequence quality scores	pass
#Quality	Count
2	134481.0
3	39189.0
4	19768.0
5	17649.0
6	16627.0
7	16436.0
8	17442.0
9	18904.0
10	20441.0
11	22426.0
12	25188.0
13	28825.0
14	34256.0
15	41429.0
16	49766.0
17	59319.0
18	73282.0
19	97200.0
20	133381.0
21	176710.0
22	225555.0
23	282138.0
24	331947.0
25	394883.0
26	463331.0
27	538508.0
28	625824.0
29	726996.0
30	851982.0
31	1009039.0
32	1218661.0
33	1523923.0
34	2004757.0
35	2927246.0
36	5410023.0
37	1.2554796E7
38	1771286.0
39	1299221.0
>>END_MODULE
>>Per base sequence content	pass
#Base	G	A	T	C
1	24.9668828821866	30.74209905982051	22.733967962065485	21.557050095927405
2	22.935326717724212	29.124211488436945	26.74604252059237	21.194419273246474
3	24.35224800392891	25.996292849259767	26.66846750114499	22.98299164566634
4	24.639734150645594	26.41172081550086	26.090641712941594	22.85790332091195
5	24.352430934323937	27.416165262313275	25.98478862070483	22.246615182657962
6	24.085346700332764	26.83666559001428	24.81827683792803	24.25971087172493
7	23.275403510744514	26.736934691783333	26.524547956240585	23.46311384123157
8	22.786165978496246	26.759972294430256	26.906635110507754	23.54722661656574
9	23.084010352752017	26.354752568014263	26.66339161787325	23.897845461360472
10-14	23.129717050666958	26.64600909282481	27.014003721685587	23.210270134822654
15-19	23.13919653264644	26.183334916728736	27.089822332105513	23.587646218519314
20-24	23.238255179220637	26.055798457103535	26.92597555360893	23.779970810066896
25-29	23.372965884285566	26.08108715859351	26.736062057636335	23.80988489948459
30-34	23.509188893536447	26.013391237231552	26.592373285006488	23.885046584225513
35-39	23.512401832121277	25.97437386916822	26.54237366611086	23.970850632599642
40-44	23.575456075431216	25.96372965755862	26.470336630516737	23.990477636493416
45-49	23.62796562943383	25.904577913212893	26.378847917420927	24.08860853993235
50-54	23.629674077619285	25.886238350124025	26.36216984912944	24.121917723127247
55-59	23.666724215944516	25.90404723860628	26.28880884649708	24.140419698952122
60-64	23.702357863366167	25.871331832158962	26.22565967910952	24.20065062536535
65-69	23.710105511889775	25.87188019086875	26.201923087881053	24.21609120936042
70-74	23.756037414369793	25.90720236251841	26.13653247821549	24.200227744896303
75-79	23.790316455154677	25.88574895344632	26.09230560443077	24.231628986968236
80-84	23.80635483147523	25.905048731472906	26.0616042265139	24.226992210537965
85-89	23.844173811704835	25.926447857235672	26.009970945094164	24.219407385965336
90-94	23.869683729448983	25.903213373431495	25.96106339168822	24.2660395054313
95-99	23.877315124641406	25.923191863568217	25.932941439551136	24.266551572239237
100-101	23.9646561508498	25.706392955015385	25.816751621465254	24.51219927266956
>>END_MODULE
>>Per base GC content	pass
#Base	%GC
1	46.523932978114004
2	44.12974599097069
3	47.335239649595245
4	47.497637471557546
5	46.599046116981896
6	48.34505757205769
7	46.738517351976085
8	46.33339259506199
9	46.981855814112485
10-14	46.339987185489605
15-19	46.726842751165755
20-24	47.01822598928754
25-29	47.18285078377016
30-34	47.39423547776196
35-39	47.48325246472092
40-44	47.565933711924636
45-49	47.716574169366176
50-54	47.75159180074653
55-59	47.807143914896635
60-64	47.903008488731516
65-69	47.9261967212502
70-74	47.956265159266096
75-79	48.02194544212291
80-84	48.03334704201319
85-89	48.06358119767017
90-94	48.13572323488028
95-99	48.14386669688064
100-101	48.47685542351936
>>END_MODULE
>>Per sequence GC content	fail
#GC Content	Count
0	32561.0
1	27448.5
2	13545.5
3	3906.5
4	2537.0
5	1730.0
6	1292.5
7	1084.5
8	1004.5
9	959.5
10	969.0
11	1060.0
12	1166.0
13	1359.5
14	1643.5
15	2128.5
16	2960.0
17	4277.5
18	6468.0
19	10212.0
20	16010.0
21	24420.5
22	36431.0
23	53521.0
24	76533.0
25	105953.5
26	142041.0
27	184861.0
28	235615.0
29	293829.0
30	356920.5
31	424520.5
32	498237.5
33	577734.0
34	661285.5
35	748255.5
36	839977.5
37	938216.0
38	1039530.0
39	1136405.5
40	1218856.0
41	1277395.0
42	1304736.5
43	1302656.5
44	1279579.5
45	1236401.0
46	1173446.5
47	1103343.5
48	1037727.5
49	980929.0
50	934000.5
51	896045.0
52	868042.0
53	851041.0
54	845774.0
55	848127.0
56	853714.0
57	852047.0
58	836428.0
59	809529.0
60	773897.5
61	729891.0
62	679213.5
63	622678.0
64	559724.5
65	493208.5
66	426772.5
67	364571.0
68	306760.0
69	254536.5
70	209140.5
71	169488.5
72	135617.0
73	107092.0
74	83475.0
75	65138.0
76	51036.0
77	40110.5
78	31435.0
79	24301.0
80	18780.0
81	14661.0
82	11286.5
83	8487.0
84	6232.0
85	4351.5
86	2972.5
87	1990.0
88	1305.5
89	789.0
90	497.0
91	334.5
92	225.0
93	166.0
94	125.0
95	97.0
96	72.0
97	59.5
98	50.5
99	45.5
100	48.0
>>END_MODULE
>>Per base N content	pass
#Base	N-Count
1	0.02714270029672326
2	0.14893970897514364
3	0.15954964990745774
4	0.15654989150731752
5	0.18519247100411088
6	0.20548913177021114
7	0.20484145666108994
8	0.20040715470785236
9	0.2003645445033049
10-14	0.2001952399572364
15-19	0.20333760050859542
20-24	0.2012906062821361
25-29	0.20199225431701737
30-34	0.2121965461020398
35-39	0.21536731345643043
40-44	0.23405671730700098
45-49	0.2151980089103619
50-54	0.2148605360903461
55-59	0.21543037655916064
60-64	0.2737415892782499
65-69	0.29458025184619363
70-74	0.33011261735027875
75-79	0.3317073752724745
80-84	0.3200259297298073
85-89	0.3070991299422334
90-94	0.3125310788179418
95-99	0.31255096358006396
100-101	0.34718510597228885
>>END_MODULE
>>Sequence Length Distribution	pass
#Length	Count
101	3.5202835E7
>>END_MODULE
>>Sequence Duplication Levels	warn
#Total Duplicate Percentage	29.76078892788768
#Duplication Level	Relative count
1	100.0
2	28.30504745072152
3	9.230354265596276
4	2.875435645180753
5	0.9674694604742943
6	0.3023785694512468
7	0.12989501927131022
8	0.04471795745405762
9	0.024133500848221575
10++	0.0823378264233442
>>END_MODULE
>>Overrepresented sequences	pass
>>END_MODULE
>>Kmer Content	pass
>>END_MODULE
