##FastQC	0.10.1
>>Basic Statistics	pass
#Measure	Value	
Filename	AMT029_1.fastq.gz	
File type	Conventional base calls	
Encoding	Sanger / Illumina 1.9	
Total Sequences	33801185	
Filtered Sequences	0	
Sequence length	101	
%GC	48	
>>END_MODULE
>>Per base sequence quality	pass
#Base	Mean	Median	Lower Quartile	Upper Quartile	10th Percentile	90th Percentile
1	25.8370595882955	28.0	18.0	32.0	18.0	33.0
2	28.317198731346252	29.0	27.0	31.0	18.0	33.0
3	28.76313868877674	31.0	27.0	33.0	18.0	33.0
4	29.55896072874368	32.0	29.0	33.0	15.0	33.0
5	30.809624869660635	32.0	32.0	33.0	27.0	33.0
6	35.312429460683106	37.0	35.0	38.0	30.0	38.0
7	35.928876901800926	38.0	36.0	38.0	32.0	38.0
8	36.70409972313101	38.0	37.0	38.0	34.0	38.0
9	36.856332788332715	38.0	38.0	38.0	35.0	38.0
10-14	36.89083931229038	38.0	38.0	38.0	35.0	38.0
15-19	36.844781039481305	38.0	38.0	38.0	35.0	38.0
20-24	36.79612387553868	38.0	38.0	38.0	35.0	38.0
25-29	36.72124273157878	38.0	38.0	38.0	34.8	38.0
30-34	36.66239553435774	38.0	38.0	38.0	34.0	38.0
35-39	36.508407323589395	38.0	38.0	38.0	34.0	38.0
40-44	36.522586222938635	38.0	38.0	38.0	34.0	38.0
45-49	36.39517384967421	38.0	38.0	38.0	34.0	38.0
50-54	36.29562619772058	38.0	37.6	38.0	33.2	38.0
55-59	36.15824284858652	38.0	37.0	38.0	33.0	38.0
60-64	35.96301055717426	38.0	37.0	38.0	31.6	38.0
65-69	35.77092729145443	38.0	37.0	38.0	31.0	38.0
70-74	35.620647489133894	38.0	37.0	38.0	29.6	38.0
75-79	35.480402429678136	38.0	36.0	38.0	29.0	38.0
80-84	35.27697417117181	38.0	36.0	38.0	29.0	38.0
85-89	35.01497120293268	38.0	36.0	38.0	28.0	38.0
90-94	34.70386564258028	38.0	35.0	38.0	26.8	38.0
95-99	34.04326554231752	38.0	34.4	38.0	23.4	38.0
100-101	31.449182062699872	36.5	29.5	38.0	15.0	38.0
>>END_MODULE
>>Per sequence quality scores	pass
#Quality	Count
2	35315.0
3	5473.0
4	596.0
5	446.0
6	590.0
7	939.0
8	1560.0
9	2478.0
10	3261.0
11	3865.0
12	4442.0
13	4913.0
14	6194.0
15	7567.0
16	9350.0
17	11527.0
18	14096.0
19	17819.0
20	22518.0
21	29608.0
22	42002.0
23	63947.0
24	98705.0
25	147472.0
26	212314.0
27	293296.0
28	393123.0
29	517933.0
30	670913.0
31	871062.0
32	1140497.0
33	1542971.0
34	2205739.0
35	3598715.0
36	8145604.0
37	1.3674335E7
>>END_MODULE
>>Per base sequence content	pass
#Base	G	A	T	C
1	28.178901516225075	30.342153161654643	19.56884787622514	21.91009744589514
2	22.267530763586393	27.446748509607954	25.592253067808556	24.693467658997093
3	24.133467510088774	24.112920893158034	27.259704060671247	24.493907536081945
4	25.443045857711795	24.838013815196124	26.50574528674069	23.213195040351394
5	25.70793302069144	26.321973623114104	25.35517615728561	22.614917198908856
6	24.027914870815266	26.63362962785892	23.948154039702672	25.39030146162315
7	23.358524264755808	26.39180549439317	26.261963892686012	23.987706348165013
8	22.301963673758777	26.33674233610449	26.58482831297187	24.776465677164868
9	23.189216591075134	25.628358887417708	26.306997816792517	24.87542670471464
10-14	23.20162858195652	26.196832448329843	26.704709908838996	23.89682906087464
15-19	23.327767630960484	25.807584861981436	26.662240115691095	24.202407391366986
20-24	23.405935028609203	25.726750112459072	26.592270063904564	24.275044795027156
25-29	23.559900636619695	25.759223530180968	26.45745348868686	24.22342234451248
30-34	23.717328845127767	25.70811822129905	26.339956424604637	24.234596508968547
35-39	23.760912453022414	25.69436305567751	26.30000426875794	24.24472022254213
40-44	23.869177959293438	25.690130686246647	26.230500498725117	24.210190855734794
45-49	23.939146512171096	25.641540082100672	26.16093074843382	24.258382657294412
50-54	23.95670743496123	25.64774282321759	26.166625815041694	24.22892392677949
55-59	24.011045766590726	25.679935185704288	26.10157424954184	24.20744479816314
60-64	24.056538254502023	25.654386968977565	26.05950176007143	24.22957301644898
65-69	24.06820352600064	25.6648150057461	26.048299785939456	24.2186816823138
70-74	24.12360394319633	25.70883083932284	25.996112039632617	24.171453177848214
75-79	24.171309423604516	25.692784673368568	25.956223399154148	24.179682503872765
80-84	24.14680846248438	25.72299284773596	25.95871002747389	24.171488662305773
85-89	24.177749389555427	25.76642209437332	25.909952565272487	24.145875950798768
90-94	24.19209681554064	25.749734513745597	25.887897125500185	24.170271545213577
95-99	24.17091530962598	25.779593821932572	25.875798141396523	24.173692727044923
100-101	24.19855398560731	25.69981792058474	25.88002757891476	24.22160051489319
>>END_MODULE
>>Per base GC content	pass
#Base	%GC
1	50.088998962120215
2	46.960998422583486
3	48.62737504617072
4	48.65624089806319
5	48.32285021960029
6	49.418216332438405
7	47.34623061292082
8	47.07842935092364
9	48.06464329578978
10-14	47.09845764283116
15-19	47.53017502232747
20-24	47.68097982363636
25-29	47.78332298113217
30-34	47.95192535409632
35-39	48.00563267556455
40-44	48.079368815028225
45-49	48.19752916946551
50-54	48.18563136174072
55-59	48.21849056475387
60-64	48.286111270951004
65-69	48.28688520831444
70-74	48.295057121044536
75-79	48.350991927477274
80-84	48.31829712479015
85-89	48.32362534035419
90-94	48.36236836075422
95-99	48.344608036670905
100-101	48.4201545005005
>>END_MODULE
>>Per sequence GC content	fail
#GC Content	Count
0	24.0
1	23.0
2	23.0
3	30.0
4	38.5
5	49.0
6	68.5
7	94.0
8	118.0
9	140.5
10	185.0
11	246.5
12	344.0
13	481.0
14	713.0
15	1057.5
16	1486.5
17	2336.0
18	3966.0
19	6648.5
20	10767.0
21	17048.5
22	26167.5
23	39427.5
24	57491.5
25	81058.0
26	111343.0
27	148401.0
28	191790.5
29	241712.0
30	295922.0
31	355486.5
32	423032.0
33	497628.5
34	578063.5
35	663429.0
36	756649.5
37	858433.0
38	964540.0
39	1068416.5
40	1157876.5
41	1221045.5
42	1252214.0
43	1254756.5
44	1233478.5
45	1190546.0
46	1132335.5
47	1067920.5
48	1005555.0
49	951027.0
50	908940.0
51	876974.5
52	853936.0
53	843279.5
54	844122.5
55	854521.5
56	867059.0
57	871170.5
58	860860.5
59	837236.0
60	803174.0
61	757761.0
62	706440.5
63	648764.0
64	581770.0
65	510696.5
66	439347.5
67	372597.5
68	311809.5
69	257022.0
70	209057.5
71	166771.5
72	130923.0
73	100964.0
74	76419.5
75	58181.5
76	44669.5
77	34459.0
78	26551.5
79	19995.5
80	14898.5
81	11233.5
82	8588.5
83	6293.0
84	4455.0
85	3044.0
86	2049.5
87	1366.5
88	847.0
89	511.5
90	313.0
91	192.0
92	90.0
93	39.0
94	29.0
95	25.5
96	18.0
97	12.0
98	13.0
99	34.5
100	30.0
>>END_MODULE
>>Per base N content	pass
#Base	N-Count
1	1.1475159820580254
2	0.001026591227496906
3	0.0
4	0.0
5	0.0
6	3.934773292711483E-4
7	0.0
8	0.0
9	0.0
10-14	0.0
15-19	1.1833904639733785E-6
20-24	0.0
25-29	0.0
30-34	0.0
35-39	0.10331827123812375
40-44	0.0
45-49	0.0
50-54	0.0
55-59	0.0
60-64	0.0
65-69	0.0
70-74	5.147748518284196E-5
75-79	1.2425599871720474E-5
80-84	0.0
85-89	0.0
90-94	0.0
95-99	0.0
100-101	0.0
>>END_MODULE
>>Sequence Length Distribution	pass
#Length	Count
101	3.3801185E7
>>END_MODULE
>>Sequence Duplication Levels	warn
#Total Duplicate Percentage	31.788324082577972
#Duplication Level	Relative count
1	100.0
2	30.680970012732516
3	10.297970115178035
4	3.4611951001770844
5	1.2176381916902048
6	0.3819754423451243
7	0.14635074419353422
8	0.06658958860805807
9	0.035855932327415886
10++	0.062199066282252045
>>END_MODULE
>>Overrepresented sequences	pass
>>END_MODULE
>>Kmer Content	pass
>>END_MODULE
