##FastQC	0.10.1
>>Basic Statistics	pass
#Measure	Value	
Filename	0W-AMT141_2.fastq.gz	
File type	Conventional base calls	
Encoding	Sanger / Illumina 1.9	
Total Sequences	33310510	
Filtered Sequences	0	
Sequence length	101	
%GC	47	
>>END_MODULE
>>Per base sequence quality	pass
#Base	Mean	Median	Lower Quartile	Upper Quartile	10th Percentile	90th Percentile
1	32.425382889664554	33.0	33.0	34.0	31.0	34.0
2	32.56540176058547	33.0	33.0	34.0	31.0	34.0
3	32.64319531583275	33.0	33.0	34.0	32.0	34.0
4	32.5715947008917	33.0	33.0	34.0	32.0	34.0
5	32.59456117603723	33.0	33.0	34.0	32.0	34.0
6	36.68598262230149	38.0	38.0	38.0	35.0	38.0
7	36.691445612811094	38.0	38.0	38.0	35.0	38.0
8	36.676605401718554	38.0	38.0	38.0	35.0	38.0
9	36.680213962500126	38.0	38.0	38.0	35.0	38.0
10-14	36.64579235802755	38.0	38.0	38.0	34.4	38.0
15-19	36.559217274067564	38.0	38.0	38.0	34.0	38.0
20-24	36.51393213133032	38.0	38.0	38.0	34.0	38.0
25-29	36.40570358724619	38.0	38.0	38.0	34.0	38.0
30-34	36.328375374619	38.0	38.0	38.0	33.8	38.0
35-39	36.279263421664815	38.0	38.0	38.0	33.4	38.0
40-44	36.17111340534864	38.0	38.0	38.0	33.0	38.0
45-49	36.068984305554004	38.0	37.6	38.0	33.0	38.0
50-54	35.911120141961206	38.0	37.0	38.0	31.6	38.0
55-59	35.707267676177885	38.0	37.0	38.0	30.4	38.0
60-64	35.5271396445146	38.0	37.0	38.0	29.0	38.0
65-69	35.33368365720008	38.0	36.4	38.0	29.0	38.0
70-74	34.95944975925016	38.0	36.0	38.0	27.6	38.0
75-79	34.71263844354229	38.0	35.6	38.0	25.8	38.0
80-84	34.277492629203216	38.0	34.8	38.0	24.8	38.0
85-89	33.72345761142655	38.0	33.8	38.0	21.8	38.0
90-94	32.93673004105911	38.0	33.0	38.0	15.0	38.0
95-99	31.488795236098156	37.6	31.0	38.0	9.2	38.0
100-101	26.145701491811444	33.0	15.5	37.5	2.0	38.0
>>END_MODULE
>>Per sequence quality scores	pass
#Quality	Count
2	48699.0
3	15389.0
4	10087.0
5	9325.0
6	9017.0
7	9593.0
8	10113.0
9	11593.0
10	13232.0
11	14791.0
12	17277.0
13	20674.0
14	24579.0
15	30190.0
16	36914.0
17	45490.0
18	56549.0
19	71031.0
20	90021.0
21	113544.0
22	143232.0
23	180318.0
24	221618.0
25	272601.0
26	331305.0
27	398780.0
28	478574.0
29	576892.0
30	698745.0
31	860980.0
32	1085399.0
33	1426085.0
34	2003640.0
35	3173498.0
36	6532914.0
37	1.4267821E7
>>END_MODULE
>>Per base sequence content	pass
#Base	G	A	T	C
1	26.637739860482473	31.740066423480158	18.380637222306113	23.24155649373126
2	21.673189632941675	29.26671491970552	25.86262714080331	23.197468306549496
3	22.84408605217155	25.102269585346836	28.452640594599476	23.60100376788213
4	24.14462657345412	25.466175076349295	27.862553287798196	22.526645062398394
5	23.537164496162333	26.96665771152191	26.762307492532152	22.7338702997836
6	24.25708667313891	28.054087656043762	23.78761233675429	23.901213334063033
7	22.803755353768164	26.930689579779205	26.282495953142828	23.98305911330981
8	22.521596422099698	27.29972741434074	26.868043641684846	23.310632521874712
9	23.002537683310777	26.45307069107117	26.645098364911302	23.899293260706756
10-14	23.134269598231736	26.811514765437654	26.890709450000898	23.16350618632971
15-19	23.114122072859956	26.352821877517897	27.036342857087963	23.496713192534184
20-24	23.247919567218535	26.218794979305997	26.87728832655514	23.655997126920326
25-29	23.35561136948093	26.23559430767611	26.731411580645986	23.677382742196976
30-34	23.489951532212118	26.178631010312593	26.581898766208006	23.74951869126729
35-39	23.487942165196856	26.15944284929507	26.552768323756464	23.799846661751616
40-44	23.57139110491697	26.151306273529602	26.459799765992813	23.81750285556062
45-49	23.5826428053061	26.080872109261104	26.408959732795235	23.92752535263756
50-54	23.609560842114185	26.08530292874136	26.36319523233795	23.94194099680651
55-59	23.617262167361	26.08074724759738	26.316274629736213	23.985715955305402
60-64	23.676092147956435	26.06036244169823	26.25192281557318	24.01162259477215
65-69	23.660092296464367	26.0435347289271	26.252484086086604	24.043888888521934
70-74	23.727764551156476	26.094998403038794	26.17851826675068	23.998718779054055
75-79	23.769182693769526	26.045960350679998	26.128823316754758	24.05603363879572
80-84	23.783476833662125	26.07482115676359	26.093273545304523	24.048428464269758
85-89	23.80892111922623	26.077623440121663	26.030429521758148	24.08302591889396
90-94	23.842544991561027	26.054607359018338	25.973079901411705	24.129767748008927
95-99	23.81127492275393	26.059673001546084	25.949611657902917	24.179440417797064
100-101	23.967157462195264	25.727902019864292	25.544375700840362	24.760564817100086
>>END_MODULE
>>Per base GC content	pass
#Base	%GC
1	49.87929635421373
2	44.870657939491174
3	46.44508982005368
4	46.67127163585251
5	46.27103479594594
6	48.158300007201944
7	46.78681446707797
8	45.832228943974414
9	46.90183094401753
10-14	46.297775784561445
15-19	46.610835265394144
20-24	46.903916694138864
25-29	47.03299411167791
30-34	47.23947022347941
35-39	47.28778882694847
40-44	47.38889396047759
45-49	47.51016815794366
50-54	47.55150183892069
55-59	47.60297812266641
60-64	47.68771474272859
65-69	47.7039811849863
70-74	47.72648333021053
75-79	47.82521633256525
80-84	47.83190529793188
85-89	47.89194703812019
90-94	47.97231273956996
95-99	47.990715340551
100-101	48.72772227929535
>>END_MODULE
>>Per sequence GC content	warn
#GC Content	Count
0	17.0
1	24.0
2	35.0
3	54.0
4	69.0
5	71.5
6	87.0
7	119.0
8	160.0
9	201.0
10	262.0
11	338.0
12	440.5
13	616.5
14	865.5
15	1284.0
16	1993.0
17	3281.5
18	5577.5
19	9348.0
20	15550.0
21	24699.0
22	37613.5
23	56161.5
24	81049.5
25	111972.5
26	150203.5
27	195405.0
28	246577.0
29	302788.0
30	363086.5
31	428737.5
32	498989.0
33	571545.0
34	647083.5
35	725765.0
36	807896.5
37	895052.0
38	983107.0
39	1066744.0
40	1136177.5
41	1184184.5
42	1206546.5
43	1205050.0
44	1185131.5
45	1145912.5
46	1091266.5
47	1033178.0
48	978478.5
49	929084.0
50	889397.5
51	855253.0
52	826674.5
53	809227.0
54	801631.5
55	801350.0
56	804844.0
57	801614.5
58	784486.0
59	756990.5
60	723353.0
61	682523.5
62	635327.5
63	583661.0
64	526681.0
65	464634.5
66	402023.0
67	344390.0
68	291458.0
69	242501.5
70	199457.5
71	162142.0
72	130005.0
73	102723.0
74	80277.5
75	62857.0
76	49147.5
77	38819.0
78	30750.0
79	24064.5
80	18777.5
81	14455.5
82	10997.0
83	8283.0
84	6185.0
85	4466.5
86	3098.5
87	2094.5
88	1389.5
89	898.5
90	564.0
91	359.0
92	236.5
93	168.0
94	122.0
95	77.5
96	53.0
97	42.5
98	37.5
99	32.0
100	26.5
>>END_MODULE
>>Per base N content	pass
#Base	N-Count
1	0.0
2	0.0
3	6.004111014811842E-5
4	3.5124049436649273E-4
5	1.4710071986289013E-4
6	1.89129496966573E-4
7	2.7919116218875063E-4
8	7.415077103292624E-4
9	6.214254900330255E-4
10-14	5.811979462337863E-4
15-19	6.694583781515204E-4
20-24	0.0014097652662778204
25-29	0.003065098673061445
30-34	0.007106465797131295
35-39	0.004214285521296432
40-44	0.002292369585455161
45-49	0.0013365151118971158
50-54	0.002099637621879701
55-59	0.011436030249912115
60-64	0.012439317200487174
65-69	0.010483177831861475
70-74	0.040590192104533976
75-79	0.02418876204537247
80-84	0.016020769420822437
85-89	0.0034025297120938705
90-94	0.003726151295792229
95-99	0.004895752121477576
100-101	0.004175859210801636
>>END_MODULE
>>Sequence Length Distribution	pass
#Length	Count
101	3.331051E7
>>END_MODULE
>>Sequence Duplication Levels	warn
#Total Duplicate Percentage	24.346623116531575
#Duplication Level	Relative count
1	100.0
2	23.037364668603114
3	5.952601003432797
4	1.7276208080274624
5	0.6377079482439926
6	0.2640612622128334
7	0.1392923158172696
8	0.07261684710852918
9	0.05215209928703459
10++	0.14721415368365462
>>END_MODULE
>>Overrepresented sequences	pass
>>END_MODULE
>>Kmer Content	pass
>>END_MODULE
