##FastQC	0.10.1
>>Basic Statistics	pass
#Measure	Value	
Filename	0W-AMT139_2.fastq.gz	
File type	Conventional base calls	
Encoding	Sanger / Illumina 1.9	
Total Sequences	38997328	
Filtered Sequences	0	
Sequence length	101	
%GC	46	
>>END_MODULE
>>Per base sequence quality	pass
#Base	Mean	Median	Lower Quartile	Upper Quartile	10th Percentile	90th Percentile
1	32.21260059150719	33.0	33.0	34.0	31.0	34.0
2	32.343103327489516	33.0	33.0	34.0	31.0	34.0
3	32.43050718756936	33.0	33.0	34.0	31.0	34.0
4	32.335533193453664	33.0	33.0	34.0	31.0	34.0
5	32.365972355849614	33.0	33.0	34.0	31.0	34.0
6	36.40936112340825	38.0	38.0	38.0	34.0	38.0
7	36.402901680853624	38.0	38.0	38.0	34.0	38.0
8	36.40105229773691	38.0	38.0	38.0	34.0	38.0
9	36.416392066656464	38.0	38.0	38.0	34.0	38.0
10-14	36.37707771158065	38.0	38.0	38.0	34.0	38.0
15-19	36.287835817879625	38.0	38.0	38.0	33.2	38.0
20-24	36.237914874578074	38.0	38.0	38.0	33.0	38.0
25-29	36.11992893974685	38.0	37.6	38.0	33.0	38.0
30-34	36.03605560360443	38.0	37.2	38.0	32.2	38.0
35-39	35.97916164410034	38.0	37.0	38.0	31.4	38.0
40-44	35.8596457480369	38.0	37.0	38.0	31.0	38.0
45-49	35.75023242105203	38.0	37.0	38.0	30.2	38.0
50-54	35.576312592493515	38.0	37.0	38.0	29.0	38.0
55-59	35.35508781011869	38.0	36.6	38.0	28.8	38.0
60-64	35.155781590984894	38.0	36.0	38.0	28.0	38.0
65-69	34.9454639661466	38.0	36.0	38.0	27.4	38.0
70-74	34.54554081756576	38.0	35.4	38.0	25.2	38.0
75-79	34.26960173271358	38.0	34.8	38.0	25.0	38.0
80-84	33.79762086263961	38.0	34.0	38.0	20.6	38.0
85-89	33.18850074548698	38.0	33.2	38.0	15.0	38.0
90-94	32.32249724904229	37.8	31.6	38.0	14.6	38.0
95-99	30.7438152685743	37.0	29.6	38.0	6.6	38.0
100-101	25.379777635021558	33.0	14.5	37.5	2.0	38.0
>>END_MODULE
>>Per sequence quality scores	pass
#Quality	Count
2	42821.0
3	17163.0
4	12072.0
5	11999.0
6	12205.0
7	13646.0
8	15117.0
9	17329.0
10	19922.0
11	22811.0
12	26768.0
13	31682.0
14	38517.0
15	47191.0
16	58634.0
17	73153.0
18	91978.0
19	116692.0
20	147071.0
21	184946.0
22	229842.0
23	281470.0
24	340732.0
25	405671.0
26	479906.0
27	562669.0
28	663025.0
29	781864.0
30	930738.0
31	1126217.0
32	1391552.0
33	1791631.0
34	2461588.0
35	3785812.0
36	7444411.0
37	1.5318483E7
>>END_MODULE
>>Per base sequence content	fail
#Base	G	A	T	C
1	33.56892297851791	44.280082471291365	7.984047009579734	14.16694754061099
2	23.346150792690207	31.608373271112317	25.60512863855698	19.440347297640496
3	24.983825163499127	26.142087313063676	29.208840416477006	19.66524710696019
4	25.0094551701337	26.969589059804655	27.17236524494603	20.848590525115622
5	24.293336908969067	31.25543099039699	24.735408981671817	19.715823118962124
6	23.974906133144028	29.81636811490695	21.743508223065326	24.4652175288837
7	22.58218025787523	28.79795491120895	26.608050710061953	22.011814120853863
8	21.053146057927833	28.35504878434238	27.018921768961906	23.57288338876788
9	22.587396697759324	27.217346460430118	26.2867028281618	23.908554013648757
10-14	22.71996983408176	28.05243203304884	26.915118367375324	22.312479765494082
15-19	22.789584076540613	27.17707368672526	27.005776262685572	23.027565974048553
20-24	22.969601213276995	27.048467192428443	26.73685187880468	23.245079715489886
25-29	23.122562814698682	27.06602214155116	26.51255003588614	23.298865007864013
30-34	23.27708981065719	26.95195018686123	26.351103901342064	23.419856101139516
35-39	23.245804582686212	26.863240417314305	26.35863123583752	23.532323764161966
40-44	23.326969174756897	26.88202570773093	26.246922107654353	23.544083009857825
45-49	23.38018958151044	26.762012014118135	26.154284509117844	23.70351389525358
50-54	23.354277256679918	26.72769006993805	26.167060471097493	23.750972202284544
55-59	23.39198023790177	26.74840805026313	26.074999838559865	23.784611873275235
60-64	23.450537515736464	26.666698399344078	26.01207190038605	23.870692184533404
65-69	23.42210381582729	26.63860451725023	26.022598083999554	23.916693582922928
70-74	23.482933091717904	26.703987615589565	25.953592723363617	23.859486569328915
75-79	23.529557209951708	26.642196063306677	25.90440706934409	23.92383965739753
80-84	23.51677207009631	26.648486907857645	25.8926588231951	23.94208219885095
85-89	23.55306002528712	26.67559842529813	25.83485070347664	23.936490845938103
90-94	23.58285156073499	26.63486094776782	25.766053691460357	24.016233800036836
95-99	23.548924886155266	26.636825361676024	25.760243759125352	24.054005993043358
100-101	23.67099571473452	26.374241304500185	25.347877306628313	24.606885674136983
>>END_MODULE
>>Per base GC content	pass
#Base	%GC
1	47.735870519128895
2	42.786498090330696
3	44.649072270459314
4	45.858045695249324
5	44.009160027931195
6	48.44012366202772
7	44.59399437872909
8	44.62602944669571
9	46.495950711408085
10-14	45.032449599575834
15-19	45.81715005058917
20-24	46.214680928766875
25-29	46.4214278225627
30-34	46.6969459117967
35-39	46.77812834684818
40-44	46.87105218461472
45-49	47.08370347676402
50-54	47.10524945896446
55-59	47.17659211117701
60-64	47.32122970026987
65-69	47.338797398750216
70-74	47.34241966104682
75-79	47.45339686734924
80-84	47.458854268947256
85-89	47.48955087122522
90-94	47.599085360771824
95-99	47.602930879198624
100-101	48.2778813888715
>>END_MODULE
>>Per sequence GC content	fail
#GC Content	Count
0	179.0
1	163.5
2	167.0
3	208.0
4	258.5
5	310.5
6	369.0
7	442.5
8	541.5
9	674.5
10	855.0
11	1088.5
12	1413.0
13	1842.0
14	2511.0
15	3637.5
16	5534.5
17	8535.5
18	13316.0
19	20780.0
20	31393.0
21	45570.5
22	64196.5
23	88266.5
24	117746.0
25	153440.5
26	195579.0
27	243675.5
28	297314.5
29	356993.0
30	421943.0
31	492986.5
32	569925.5
33	653117.0
34	744406.5
35	842680.5
36	949984.5
37	1067820.5
38	1187558.0
39	1298668.5
40	1392390.0
41	1456848.5
42	1484717.5
43	1478412.0
44	1447677.5
45	1395291.5
46	1321611.0
47	1241392.5
48	1167739.5
49	1102786.0
50	1049515.0
51	1005592.0
52	971123.5
53	949038.0
54	940188.5
55	941491.0
56	944052.0
57	936957.5
58	912066.5
59	874865.0
60	828430.0
61	772561.0
62	709440.5
63	640340.0
64	566357.0
65	489665.5
66	415427.0
67	347100.0
68	286109.0
69	231495.5
70	184518.5
71	146030.0
72	113539.0
73	86679.0
74	65558.5
75	49883.0
76	38378.5
77	29620.5
78	23196.5
79	17989.5
80	13762.0
81	10657.5
82	8295.5
83	6313.0
84	4809.5
85	3570.5
86	2509.5
87	1774.0
88	1209.0
89	771.0
90	498.5
91	323.5
92	214.5
93	137.0
94	88.5
95	74.5
96	67.0
97	54.0
98	45.0
99	35.0
100	28.0
>>END_MODULE
>>Per base N content	pass
#Base	N-Count
1	0.0
2	0.0
3	6.410695625095135E-5
4	3.7182034625551783E-4
5	1.718066427525496E-4
6	1.7949947750266378E-4
7	2.4873499025369124E-4
8	7.359478577609215E-4
9	5.923482757587905E-4
10-14	5.277284638578315E-4
15-19	6.261967486592927E-4
20-24	0.0013544517716701
25-29	0.003119188063346289
30-34	0.007253830313707647
35-39	0.004318244573064083
40-44	0.0023555460004849563
45-49	0.001303166206669339
50-54	0.002087322495530976
55-59	0.011655670357722971
60-64	0.01263009609273743
65-69	0.01067714177750845
70-74	0.0408556196465563
75-79	0.02446629163926308
80-84	0.016270345496491454
85-89	0.0034607499262513577
90-94	0.003605375219553504
95-99	0.004739811917370339
100-101	0.004131052260811305
>>END_MODULE
>>Sequence Length Distribution	pass
#Length	Count
101	3.8997328E7
>>END_MODULE
>>Sequence Duplication Levels	warn
#Total Duplicate Percentage	35.69385728047278
#Duplication Level	Relative count
1	100.0
2	31.245440009934956
3	13.145966252192675
4	5.661373197348608
5	2.4666635619925796
6	1.1572672658687655
7	0.5464226392834413
8	0.28563001598907156
9	0.1692047377326565
10++	0.5557366615439544
>>END_MODULE
>>Overrepresented sequences	pass
>>END_MODULE
>>Kmer Content	pass
>>END_MODULE
