##FastQC	0.10.1
>>Basic Statistics	pass
#Measure	Value	
Filename	0W-AMT144_1.fastq.gz	
File type	Conventional base calls	
Encoding	Sanger / Illumina 1.9	
Total Sequences	33842459	
Filtered Sequences	0	
Sequence length	101	
%GC	46	
>>END_MODULE
>>Per base sequence quality	pass
#Base	Mean	Median	Lower Quartile	Upper Quartile	10th Percentile	90th Percentile
1	25.418950407829406	27.0	18.0	32.0	18.0	33.0
2	27.22431212814648	29.0	25.0	32.0	18.0	33.0
3	28.11216918368727	29.0	25.0	33.0	18.0	33.0
4	30.29085942011483	32.0	29.0	33.0	27.0	33.0
5	31.997441025192643	33.0	32.0	33.0	31.0	33.0
6	35.50150327433358	37.0	36.0	38.0	30.0	38.0
7	36.453859721009046	38.0	37.0	38.0	34.0	38.0
8	36.85953107012703	38.0	38.0	38.0	35.0	38.0
9	36.98653218431911	38.0	38.0	38.0	35.0	38.0
10-14	36.99297841802807	38.0	38.0	38.0	35.8	38.0
15-19	37.03970941355059	38.0	38.0	38.0	36.0	38.0
20-24	36.98294918226834	38.0	38.0	38.0	36.0	38.0
25-29	36.919718971957685	38.0	38.0	38.0	35.4	38.0
30-34	36.823105815094586	38.0	38.0	38.0	35.0	38.0
35-39	36.804206538301486	38.0	38.0	38.0	35.0	38.0
40-44	36.73824000200459	38.0	38.0	38.0	35.0	38.0
45-49	36.662457305481254	38.0	38.0	38.0	34.2	38.0
50-54	36.5549613342222	38.0	38.0	38.0	34.0	38.0
55-59	36.43273946494254	38.0	38.0	38.0	34.0	38.0
60-64	36.28822964075986	38.0	37.2	38.0	33.6	38.0
65-69	36.18416524047499	38.0	37.0	38.0	33.0	38.0
70-74	36.01569997026516	38.0	37.0	38.0	32.6	38.0
75-79	35.82856232757791	38.0	37.0	38.0	31.0	38.0
80-84	35.637891147330635	38.0	36.8	38.0	30.6	38.0
85-89	35.426828789243714	38.0	36.0	38.0	29.0	38.0
90-94	35.076201507697775	38.0	36.0	38.0	28.4	38.0
95-99	34.64268460515827	38.0	35.2	38.0	26.8	38.0
100-101	31.96799300251793	36.5	30.5	38.0	20.0	38.0
>>END_MODULE
>>Per sequence quality scores	pass
#Quality	Count
2	28246.0
3	6525.0
4	3048.0
5	2173.0
6	1570.0
7	1537.0
8	1897.0
9	2949.0
10	3933.0
11	4290.0
12	4699.0
13	5241.0
14	5910.0
15	6858.0
16	7926.0
17	9565.0
18	11127.0
19	13395.0
20	16829.0
21	22187.0
22	31318.0
23	48653.0
24	75319.0
25	113450.0
26	164786.0
27	230273.0
28	311780.0
29	410276.0
30	536951.0
31	701742.0
32	932954.0
33	1288399.0
34	1913231.0
35	3291017.0
36	8219979.0
37	1.5412426E7
>>END_MODULE
>>Per base sequence content	fail
#Base	G	A	T	C
1	28.829868265249033	47.12971042763032	9.743921560604525	14.296499746516119
2	21.95014016612498	29.530889307958553	27.29599984681588	21.222970679100584
3	23.954408868457225	24.746032786801926	31.643093665268236	19.656464679472613
4	24.0682628883439	26.501564203712263	28.42960377081346	21.000569137130373
5	24.086411687755906	29.107645517129825	25.715332919513916	21.090609875600354
6	23.55664226408607	28.28742734090333	23.23015003135558	24.92578036365502
7	22.383406004865073	27.443395883260134	27.701284945044925	22.471913166829868
8	20.922986122255477	27.286412609674727	27.546370079077292	24.2442311889925
9	22.46017052129693	26.115067465989988	27.104020425938906	24.320741586774176
10-14	22.453471244509746	26.88130965897011	27.834135811466894	22.831083285053253
15-19	22.74809463461269	26.266091952715374	27.68945956320727	23.296353849464662
20-24	22.908468147537807	26.184935892172046	27.46535380084547	23.441242159444677
25-29	23.105326359411414	26.21089324508009	27.291672274759936	23.392108120748553
30-34	23.269433228832455	26.14679270203149	27.150155962366686	23.43361810676937
35-39	23.29368855850575	26.068734544378113	27.150892315478615	23.486684581637522
40-44	23.392642951861152	26.10156844690275	27.058838129936124	23.446950471299974
45-49	23.46727878136751	26.01297500279161	26.982161077597816	23.53758513824306
50-54	23.469673798507607	25.992175364351926	27.000770937210778	23.53737989992969
55-59	23.526341082831287	26.039707216947942	26.913643720698737	23.520307979522034
60-64	23.589129801909657	25.988311819374488	26.84998446027548	23.572573918440376
65-69	23.571001562493397	25.968780928566236	26.871936218278915	23.588281290661456
70-74	23.634021075955168	26.045772133381234	26.83153018057247	23.48867661009113
75-79	23.669557817887878	26.01723001274819	26.79860231196557	23.514609857398362
80-84	23.654751565186206	26.03096719419827	26.80406645391814	23.510214786697382
85-89	23.67058965780235	26.07159722052112	26.77412123037513	23.483691891301397
90-94	23.673592985663365	26.054348473909656	26.735339178515368	23.536719361911615
95-99	23.627846900841337	26.079028713605002	26.75287159245727	23.54025279309639
100-101	23.679525795991715	26.043455600787556	26.70793295682635	23.56908564639437
>>END_MODULE
>>Per base GC content	pass
#Base	%GC
1	43.12636801176515
2	43.173110845225565
3	43.610873547929835
4	45.06883202547427
5	45.177021563356256
6	48.48242262774109
7	44.855319171694944
8	45.16721731124798
9	46.78091210807111
10-14	45.284554529562996
15-19	46.04444848407736
20-24	46.34971030698248
25-29	46.49743448015997
30-34	46.70305133560183
35-39	46.78037314014327
40-44	46.839593423161126
45-49	47.00486391961057
50-54	47.007053698437296
55-59	47.046649062353325
60-64	47.161703720350026
65-69	47.15928285315485
70-74	47.1226976860463
75-79	47.18416767528624
80-84	47.16496635188359
85-89	47.15428154910374
90-94	47.21031234757498
95-99	47.16809969393773
100-101	47.24861144238609
>>END_MODULE
>>Per sequence GC content	fail
#GC Content	Count
0	138.0
1	129.0
2	128.0
3	160.0
4	192.5
5	208.5
6	262.5
7	320.0
8	396.0
9	489.0
10	623.0
11	776.0
12	1014.0
13	1372.5
14	1837.5
15	2610.0
16	3761.5
17	5618.0
18	8683.0
19	13313.5
20	20181.5
21	29896.0
22	42821.5
23	59433.0
24	81083.5
25	108021.0
26	140680.0
27	179932.5
28	226087.0
29	278303.0
30	335394.0
31	400372.5
32	473929.0
33	556080.5
34	647010.5
35	746998.0
36	855632.5
37	969871.0
38	1084104.0
39	1188973.5
40	1274881.5
41	1330585.5
42	1348970.0
43	1336080.0
44	1302513.0
45	1249986.0
46	1180927.0
47	1108029.0
48	1038880.5
49	976590.5
50	926370.5
51	886903.5
52	854361.0
53	830968.5
54	820665.5
55	819032.5
56	817058.5
57	807727.0
58	783273.5
59	745691.5
60	701211.0
61	648553.0
62	590812.5
63	530390.0
64	464690.0
65	397441.0
66	333873.5
67	276572.0
68	225537.5
69	180682.5
70	143134.0
71	111190.0
72	84632.5
73	63344.0
74	47105.5
75	35209.0
76	26337.5
77	19768.0
78	14790.0
79	10993.5
80	8220.0
81	6243.5
82	4772.5
83	3536.0
84	2465.0
85	1697.0
86	1165.5
87	738.0
88	450.0
89	258.0
90	167.5
91	104.0
92	52.0
93	26.5
94	14.0
95	7.0
96	5.5
97	4.0
98	1.0
99	1.0
100	1.0
>>END_MODULE
>>Per base N content	pass
#Base	N-Count
1	0.05266461281669869
2	0.0024525404610817435
3	0.0
4	0.0
5	0.0
6	0.0
7	0.0
8	0.0
9	0.0
10-14	0.0
15-19	0.0
20-24	3.4749247978700366E-4
25-29	0.0
30-34	0.0
35-39	0.0
40-44	0.0
45-49	0.0
50-54	4.195912596067561E-5
55-59	0.007371804749767149
60-64	0.027094366872099925
65-69	0.021972398636872104
70-74	6.938030123638475E-4
75-79	0.0
80-84	0.0
85-89	0.0
90-94	0.0
95-99	0.0
100-101	4.343655997337546E-4
>>END_MODULE
>>Sequence Length Distribution	pass
#Length	Count
101	3.3842459E7
>>END_MODULE
>>Sequence Duplication Levels	warn
#Total Duplicate Percentage	31.64076923844596
#Duplication Level	Relative count
1	100.0
2	28.115419428304477
3	10.071826914654443
4	4.065082192180793
5	1.6358141843557477
6	0.7044001284709043
7	0.34526555519869195
8	0.2036555811848521
9	0.1328505941779322
10++	0.7153493532657887
>>END_MODULE
>>Overrepresented sequences	pass
>>END_MODULE
>>Kmer Content	pass
>>END_MODULE
