##FastQC	0.10.1
>>Basic Statistics	pass
#Measure	Value	
Filename	AMT002_1.fastq.gz	
File type	Conventional base calls	
Encoding	Sanger / Illumina 1.9	
Total Sequences	31405808	
Filtered Sequences	0	
Sequence length	101	
%GC	47	
>>END_MODULE
>>Per base sequence quality	pass
#Base	Mean	Median	Lower Quartile	Upper Quartile	10th Percentile	90th Percentile
1	27.428437567981057	31.0	18.0	33.0	18.0	33.0
2	30.26349489240971	31.0	29.0	33.0	25.0	33.0
3	30.703182545088474	33.0	30.0	33.0	25.0	33.0
4	31.949658897488007	33.0	32.0	33.0	29.0	34.0
5	32.356577643218095	33.0	33.0	34.0	31.0	34.0
6	36.269541544672244	38.0	37.0	38.0	33.0	38.0
7	36.73050491170296	38.0	37.0	38.0	34.0	38.0
8	36.98909778089454	38.0	38.0	38.0	35.0	38.0
9	37.050851422131856	38.0	38.0	38.0	36.0	38.0
10-14	37.060172494208715	38.0	38.0	38.0	36.0	38.0
15-19	36.96933926361646	38.0	38.0	38.0	35.8	38.0
20-24	36.898388807573426	38.0	38.0	38.0	35.0	38.0
25-29	36.827421641245465	38.0	38.0	38.0	35.0	38.0
30-34	36.77337540240965	38.0	38.0	38.0	35.0	38.0
35-39	36.62903376343637	38.0	38.0	38.0	34.2	38.0
40-44	36.648227194154664	38.0	38.0	38.0	34.2	38.0
45-49	36.53006980110176	38.0	38.0	38.0	34.0	38.0
50-54	36.424214158094586	38.0	38.0	38.0	34.0	38.0
55-59	36.279097586026126	38.0	37.2	38.0	33.2	38.0
60-64	36.08959521754703	38.0	37.0	38.0	33.0	38.0
65-69	35.903530289684	38.0	37.0	38.0	31.0	38.0
70-74	35.76103493977929	38.0	37.0	38.0	31.0	38.0
75-79	35.627658005168975	38.0	36.8	38.0	30.2	38.0
80-84	35.4331047047094	38.0	36.0	38.0	29.0	38.0
85-89	35.18235448678792	38.0	36.0	38.0	28.8	38.0
90-94	34.89112001830999	38.0	35.4	38.0	27.6	38.0
95-99	34.27678924866382	38.0	34.6	38.0	25.0	38.0
100-101	31.745442276154776	36.5	30.0	38.0	18.0	38.0
>>END_MODULE
>>Per sequence quality scores	pass
#Quality	Count
2	8260.0
3	3143.0
4	1247.0
5	780.0
6	706.0
7	755.0
8	1217.0
9	2022.0
10	2662.0
11	3171.0
12	3485.0
13	4243.0
14	4973.0
15	6170.0
16	7762.0
17	9387.0
18	11545.0
19	14442.0
20	17934.0
21	23580.0
22	33717.0
23	50572.0
24	79469.0
25	119421.0
26	173590.0
27	242180.0
28	325983.0
29	429754.0
30	562060.0
31	731013.0
32	964000.0
33	1304463.0
34	1867381.0
35	3024824.0
36	6609873.0
37	1.4760024E7
>>END_MODULE
>>Per base sequence content	pass
#Base	G	A	T	C
1	23.24726048435789	32.012044714847136	21.890377358168355	22.850317442626615
2	22.685687600821737	27.25686737283621	27.38730238525658	22.670142641085476
3	23.759503337726574	24.95547957244087	28.21428444063595	23.070732649196607
4	23.922387222134198	26.25473606665366	26.60176741830683	23.22110929290531
5	23.927258932487902	26.23121175548166	26.21815366125909	23.623375650771347
6	23.511495781073645	26.43058964477798	25.607634961240684	24.450279612907693
7	23.155373044374468	26.570734941766183	26.49669768088756	23.77719433297179
8	22.71252820497406	26.60001614987903	26.759225554712685	23.928230090434226
9	23.073735278519184	26.212091088374486	26.68232895011012	24.031844682996216
10-14	22.931180118021484	26.50155665474361	26.995685638783755	23.571577588451156
15-19	23.037117651049467	26.216825108594406	26.973907379945278	23.77214986041085
20-24	23.154301268096653	26.11373666934473	26.882189434514785	23.849772628043834
25-29	23.30219174746276	26.151436702408677	26.735743273982955	23.81062827614561
30-34	23.43265997168422	26.114636502904176	26.625560469579383	23.82714305583222
35-39	23.50695678952737	26.08190844071797	26.559436683172354	23.851698086582307
40-44	23.58683145486975	26.075105598302073	26.50826751535894	23.829795431469236
45-49	23.664090412830646	26.033781394829898	26.434458874613252	23.867669317726197
50-54	23.69649142604451	26.024762680839164	26.415370685575102	23.863375207541228
55-59	23.744544321228737	26.045010527988964	26.366418593656306	23.844026557125993
60-64	23.788105690514318	26.027419514250354	26.31029139578259	23.87418339945274
65-69	23.8129514133182	26.03062847483497	26.282003634486973	23.874416477359855
70-74	23.858443306328606	26.054284557974665	26.24211109533836	23.845161040358363
75-79	23.89812982509989	26.05426718527914	26.20292507365662	23.84467791596435
80-84	23.904842059787157	26.057813255433516	26.192481976582165	23.84486270819716
85-89	23.922249667959505	26.102513267609613	26.14783099992205	23.827406064508832
90-94	23.942137072225623	26.0875567984113	26.118400137961746	23.85190599140134
95-99	23.933742446620066	26.1052223206612	26.104795011164818	23.85624022155392
100-101	23.966576500754254	26.02689604419667	26.105545509289236	23.900981945759842
>>END_MODULE
>>Per base GC content	pass
#Base	%GC
1	46.097577926984506
2	45.35583024190721
3	46.830235986923185
4	47.143496515039516
5	47.550634583259246
6	47.961775393981334
7	46.93256737734625
8	46.64075829540829
9	47.105579961515396
10-14	46.502757706472636
15-19	46.80926751146032
20-24	47.00407389614048
25-29	47.11282002360837
30-34	47.25980302751644
35-39	47.358654876109675
40-44	47.41662688633899
45-49	47.53175973055684
50-54	47.559866633585735
55-59	47.58857087835473
60-64	47.662289089967054
65-69	47.687367890678054
70-74	47.70360434668697
75-79	47.74280774106424
80-84	47.74970476798432
85-89	47.74965573246834
90-94	47.79404306362696
95-99	47.78998266817399
100-101	47.867558446514096
>>END_MODULE
>>Per sequence GC content	fail
#GC Content	Count
0	13.0
1	14.5
2	19.0
3	32.0
4	43.0
5	45.0
6	58.5
7	83.5
8	109.0
9	138.5
10	183.0
11	250.0
12	358.0
13	503.0
14	684.0
15	971.0
16	1531.5
17	2536.5
18	4356.5
19	7364.5
20	12369.0
21	20345.5
22	31981.0
23	47609.5
24	69057.5
25	96945.5
26	129946.0
27	168831.0
28	213921.5
29	264577.0
30	319027.5
31	377796.5
32	442639.0
33	512411.5
34	586447.0
35	664269.5
36	749244.5
37	840211.5
38	933002.5
39	1023220.0
40	1100785.5
41	1155446.0
42	1179801.5
43	1178562.0
44	1156751.0
45	1115180.5
46	1058786.0
47	996780.5
48	938394.5
49	887294.5
50	845381.0
51	813697.5
52	789005.0
53	772258.0
54	766113.5
55	768397.0
56	773535.5
57	769453.0
58	752490.0
59	725663.0
60	690587.5
61	648618.5
62	600703.5
63	548305.0
64	489689.0
65	427184.0
66	366066.0
67	310038.5
68	259382.5
69	212986.0
70	172755.5
71	138243.0
72	109041.0
73	84906.5
74	65057.0
75	50361.5
76	39332.0
77	30716.5
78	23942.5
79	18310.0
80	14033.0
81	10755.5
82	8343.5
83	6275.5
84	4429.0
85	3113.5
86	2179.0
87	1395.0
88	870.0
89	534.5
90	319.5
91	184.5
92	92.0
93	55.0
94	32.0
95	17.5
96	13.0
97	10.5
98	6.0
99	3.5
100	2.5
>>END_MODULE
>>Per base N content	pass
#Base	N-Count
1	1.1785113123024886
2	4.1393617384402273E-4
3	0.0
4	0.0
5	0.0
6	2.1970458457875051E-4
7	0.0
8	0.0
9	0.0
10-14	0.0
15-19	1.910474648510874E-6
20-24	0.0
25-29	0.0
30-34	0.0
35-39	0.10362159763569846
40-44	0.0
45-49	0.0
50-54	0.0
55-59	0.0
60-64	0.0
65-69	0.0
70-74	7.068756199490235E-5
75-79	2.356252066496745E-5
80-84	0.0
85-89	0.0
90-94	0.0
95-99	0.0
100-101	0.0
>>END_MODULE
>>Sequence Length Distribution	pass
#Length	Count
101	3.1405808E7
>>END_MODULE
>>Sequence Duplication Levels	warn
#Total Duplicate Percentage	26.93880608194142
#Duplication Level	Relative count
1	100.0
2	26.360069985510812
3	7.38196779572979
4	2.059925093632959
5	0.6007545312884441
6	0.16812925449028132
7	0.0628776073703491
8	0.024604281144919218
9	0.012985592826485141
10++	0.019136663112714947
>>END_MODULE
>>Overrepresented sequences	pass
>>END_MODULE
>>Kmer Content	pass
>>END_MODULE
