##FastQC	0.10.1
>>Basic Statistics	pass
#Measure	Value	
Filename	0W-AMT143_2.fastq.gz	
File type	Conventional base calls	
Encoding	Sanger / Illumina 1.9	
Total Sequences	34727092	
Filtered Sequences	0	
Sequence length	101	
%GC	45	
>>END_MODULE
>>Per base sequence quality	pass
#Base	Mean	Median	Lower Quartile	Upper Quartile	10th Percentile	90th Percentile
1	32.35839776045746	33.0	33.0	34.0	31.0	34.0
2	32.491222990972005	33.0	33.0	34.0	31.0	34.0
3	32.57930067971139	33.0	33.0	34.0	31.0	34.0
4	32.51421760278689	33.0	33.0	34.0	31.0	34.0
5	32.54054295706649	33.0	33.0	34.0	31.0	34.0
6	36.6490451316799	38.0	38.0	38.0	34.0	38.0
7	36.652873237989525	38.0	38.0	38.0	34.0	38.0
8	36.63119382411865	38.0	38.0	38.0	34.0	38.0
9	36.64496710522148	38.0	38.0	38.0	34.0	38.0
10-14	36.61627374961313	38.0	38.0	38.0	34.0	38.0
15-19	36.52661869873815	38.0	38.0	38.0	34.0	38.0
20-24	36.47540191387175	38.0	38.0	38.0	34.0	38.0
25-29	36.364167227132064	38.0	38.0	38.0	33.8	38.0
30-34	36.284518715244	38.0	38.0	38.0	33.4	38.0
35-39	36.23234868039052	38.0	38.0	38.0	33.2	38.0
40-44	36.1204680484044	38.0	37.6	38.0	33.0	38.0
45-49	36.01828126006059	38.0	37.0	38.0	32.6	38.0
50-54	35.85833979994639	38.0	37.0	38.0	31.0	38.0
55-59	35.6531219026344	38.0	37.0	38.0	30.0	38.0
60-64	35.46968536265576	38.0	37.0	38.0	29.0	38.0
65-69	35.274578977128286	38.0	36.2	38.0	28.6	38.0
70-74	34.900741403858405	38.0	36.0	38.0	27.2	38.0
75-79	34.649131980299416	38.0	35.6	38.0	25.6	38.0
80-84	34.21504358038386	38.0	34.6	38.0	24.6	38.0
85-89	33.657683897056515	38.0	33.8	38.0	19.0	38.0
90-94	32.86837678778286	38.0	32.8	38.0	15.0	38.0
95-99	31.414772921383683	37.2	30.8	38.0	9.2	38.0
100-101	26.0996796967624	33.0	15.5	37.5	2.0	38.0
>>END_MODULE
>>Per sequence quality scores	pass
#Quality	Count
2	32788.0
3	12251.0
4	8680.0
5	8514.0
6	8905.0
7	9851.0
8	10982.0
9	12416.0
10	14297.0
11	16267.0
12	19146.0
13	22457.0
14	27328.0
15	32983.0
16	41284.0
17	50554.0
18	63744.0
19	80715.0
20	101616.0
21	128942.0
22	161913.0
23	200095.0
24	244263.0
25	296302.0
26	356682.0
27	427320.0
28	511292.0
29	614818.0
30	744943.0
31	920708.0
32	1161027.0
33	1527397.0
34	2143855.0
35	3359543.0
36	6756951.0
37	1.4596263E7
>>END_MODULE
>>Per base sequence content	fail
#Base	G	A	T	C
1	31.880328476683278	44.89340771752498	9.796239201370502	13.43002460442124
2	23.11455275322218	32.422942295312254	25.734507225655406	18.727997725810155
3	24.69566110316918	27.164602052876553	29.183058775233476	18.956678068720787
4	24.63863868983157	27.685615141825025	27.389396198049383	20.286349970294022
5	23.945327149953787	31.714268913889427	25.014354795014103	19.32604914114268
6	23.59547264818532	30.242085594586538	22.252064787755117	23.910376969473024
7	22.251511286741195	29.214767286462447	27.16376839597282	21.36995303082354
8	20.851137131216436	28.987873869676907	27.19702045448505	22.96396854462161
9	22.17587141468308	27.914486359600073	26.693768767664057	23.215873458052798
10-14	22.204185384092053	28.548517261539942	27.4516539944831	21.79564335988491
15-19	22.30336692201659	27.68335807954301	27.51238704214559	22.50088795629481
20-24	22.499479435416863	27.544630404041335	27.218421066499253	22.737469094042545
25-29	22.667866042119233	27.557678893807786	26.983268427924244	22.791186636148733
30-34	22.81919499058758	27.44246612566036	26.82471068086353	22.913628202888532
35-39	22.79927497073605	27.337762019926913	26.832770039990372	23.03019296934667
40-44	22.879969396376502	27.35589273957979	26.70838665332172	23.05575121072199
45-49	22.942937024571552	27.227414592165573	26.620401597007355	23.209246786255523
50-54	22.91860558256193	27.194104468563822	26.624792034604262	23.262497914269982
55-59	22.96000620312478	27.20486365624349	26.53391636347408	23.30121377715765
60-64	23.0055726046832	27.131147387071387	26.47568514159742	23.387594866647998
65-69	22.9814919514998	27.100676061114598	26.47236590978418	23.44546607760142
70-74	23.054970681230554	27.165691771137578	26.402677297379885	23.376660250251984
75-79	23.09165307695308	27.107488977105366	26.36541057218242	23.43544737375913
80-84	23.085353748369897	27.120461538107953	26.35256482320532	23.44161989031683
85-89	23.112201117883433	27.14615932243471	26.294289388274173	23.44735017140768
90-94	23.150043269168496	27.10057879730055	26.23992097796655	23.509456955564406
95-99	23.12060960991674	27.11880613170153	26.21984017940236	23.54074407897937
100-101	23.22038464324009	26.911883895456263	25.87797970652779	23.98975175477586
>>END_MODULE
>>Per base GC content	pass
#Base	%GC
1	45.310353081104516
2	41.84255047903234
3	43.65233917188997
4	44.92498866012559
5	43.271376291096466
6	47.50584961765835
7	43.62146431756474
8	43.81510567583805
9	45.39174487273588
10-14	43.99982874397696
15-19	44.8042548783114
20-24	45.236948529459404
25-29	45.459052678267966
30-34	45.732823193476115
35-39	45.82946794008272
40-44	45.935720607098496
45-49	46.152183810827076
50-54	46.181103496831916
55-59	46.26121998028243
60-64	46.39316747133119
65-69	46.42695802910122
70-74	46.43163093148254
75-79	46.52710045071221
80-84	46.52697363868673
85-89	46.559551289291115
90-94	46.6595002247329
95-99	46.661353688896114
100-101	47.21013639801595
>>END_MODULE
>>Per sequence GC content	warn
#GC Content	Count
0	183.0
1	157.5
2	142.5
3	176.0
4	217.0
5	265.0
6	330.5
7	400.5
8	552.5
9	704.0
10	838.5
11	1133.0
12	1553.5
13	1983.0
14	2614.5
15	3741.0
16	5584.5
17	8595.0
18	13428.5
19	20760.5
20	31520.0
21	45890.0
22	64580.0
23	88841.0
24	118774.0
25	154765.0
26	197086.0
27	245177.5
28	299466.5
29	358185.5
30	421138.0
31	489356.0
32	563674.0
33	645414.5
34	731314.0
35	823828.5
36	925618.5
37	1034020.5
38	1141893.0
39	1241422.5
40	1323480.5
41	1376135.0
42	1392979.5
43	1378186.5
44	1339235.5
45	1280360.0
46	1205015.0
47	1123994.0
48	1048213.5
49	980470.0
50	922413.0
51	874358.5
52	834701.5
53	805210.0
54	788404.0
55	779820.5
56	772464.5
57	757818.5
58	731443.0
59	694809.0
60	650562.5
61	600038.5
62	546023.5
63	489674.5
64	430397.0
65	369368.0
66	310376.0
67	257840.0
68	211596.0
69	169941.5
70	135137.0
71	106834.5
72	82766.5
73	63360.0
74	48237.5
75	36780.5
76	28484.5
77	22212.0
78	17328.0
79	13420.5
80	10302.0
81	8165.0
82	6376.0
83	4860.0
84	3676.5
85	2663.0
86	1904.0
87	1380.0
88	900.5
89	530.0
90	384.0
91	270.0
92	154.5
93	105.5
94	69.0
95	49.0
96	49.5
97	34.0
98	25.5
99	26.0
100	28.5
>>END_MODULE
>>Per base N content	pass
#Base	N-Count
1	0.0
2	0.0
3	4.607353820469621E-5
4	2.1884930647230697E-4
5	5.7591922755870254E-5
6	1.0366546096056647E-4
7	1.785349605431978E-4
8	5.327252854918E-4
9	4.0602305542888526E-4
10-14	3.979601862430635E-4
15-19	4.538243513162577E-4
20-24	0.0010740893593969804
25-29	0.002933156625956472
30-34	0.007039460718450022
35-39	0.004122429830865193
40-44	0.002149906476476637
45-49	0.0011201628976016766
50-54	0.0018475488820083178
55-59	0.011366341875098555
60-64	0.012378807877146753
65-69	0.01037806448060782
70-74	0.040131779533973067
75-79	0.023923108793560948
80-84	0.015899402115213103
85-89	0.0031963517129507996
90-94	0.002821428295810084
95-99	0.0037584488790480927
100-101	0.0033028967700491595
>>END_MODULE
>>Sequence Length Distribution	pass
#Length	Count
101	3.4727092E7
>>END_MODULE
>>Sequence Duplication Levels	warn
#Total Duplicate Percentage	34.26895914955207
#Duplication Level	Relative count
1	100.0
2	30.19240406371961
3	12.046893744969704
4	5.049277915293618
5	2.215607963432598
6	0.9984662343776101
7	0.46848187574979877
8	0.2665107591380541
9	0.1450243732061776
10++	0.4753154849584668
>>END_MODULE
>>Overrepresented sequences	pass
>>END_MODULE
>>Kmer Content	pass
>>END_MODULE
