##FastQC	0.10.1
>>Basic Statistics	pass
#Measure	Value	
Filename	AMT022_1.fastq.gz	
File type	Conventional base calls	
Encoding	Sanger / Illumina 1.9	
Total Sequences	34569826	
Filtered Sequences	0	
Sequence length	101	
%GC	47	
>>END_MODULE
>>Per base sequence quality	pass
#Base	Mean	Median	Lower Quartile	Upper Quartile	10th Percentile	90th Percentile
1	27.58666312060697	31.0	18.0	33.0	18.0	35.0
2	29.484773368544	31.0	27.0	33.0	18.0	35.0
3	29.75414391729944	31.0	28.0	33.0	18.0	35.0
4	30.380201161556325	32.0	30.0	33.0	25.0	35.0
5	31.37737708023176	33.0	32.0	33.0	27.0	35.0
6	35.8926165841853	37.0	36.0	38.0	30.0	40.0
7	36.40938441518335	38.0	37.0	38.0	33.0	40.0
8	37.033161000000405	38.0	38.0	38.0	35.0	40.0
9	37.147564121381464	38.0	38.0	38.0	35.0	39.0
10-14	37.16943587161821	38.0	38.0	38.0	35.0	39.0
15-19	37.120375589972596	38.0	38.0	38.0	35.0	39.0
20-24	37.07044991779825	38.0	38.0	38.0	35.0	39.0
25-29	36.98656116464109	38.0	38.0	38.0	34.8	39.0
30-34	36.921166088599925	38.0	38.0	38.0	34.2	39.0
35-39	36.78282749817716	38.0	38.0	38.0	34.0	39.0
40-44	36.77957051909952	38.0	38.0	38.0	34.0	39.0
45-49	36.65540876601462	38.0	38.0	38.0	34.0	39.0
50-54	36.54995765960754	38.0	38.0	38.0	34.0	39.0
55-59	36.41482073412807	38.0	37.0	38.0	33.0	39.0
60-64	36.23171218738561	38.0	37.0	38.0	32.2	39.0
65-69	36.05077375280975	38.0	37.0	38.0	31.0	39.0
70-74	35.89860383445378	38.0	37.0	38.0	30.8	39.0
75-79	35.75262472538913	38.0	36.2	38.0	29.6	39.0
80-84	35.557649853372126	38.0	36.0	38.0	29.0	39.0
85-89	35.307743411841294	38.0	36.0	38.0	28.4	39.0
90-94	35.01363671312665	38.0	35.4	38.0	27.2	39.0
95-99	34.43223907461959	38.0	34.6	38.0	25.0	39.0
100-101	32.122946641386044	36.5	30.5	38.0	18.0	38.0
>>END_MODULE
>>Per sequence quality scores	pass
#Quality	Count
2	30979.0
3	4574.0
4	514.0
5	411.0
6	487.0
7	821.0
8	1352.0
9	2267.0
10	3007.0
11	3271.0
12	3865.0
13	4581.0
14	5469.0
15	6635.0
16	8193.0
17	10250.0
18	12439.0
19	15622.0
20	19790.0
21	25634.0
22	36603.0
23	55940.0
24	87228.0
25	133779.0
26	196065.0
27	279108.0
28	378925.0
29	502527.0
30	653361.0
31	846176.0
32	1101649.0
33	1474150.0
34	2081260.0
35	3319092.0
36	7245026.0
37	1.2364578E7
38	1513951.0
39	2140247.0
>>END_MODULE
>>Per base sequence content	pass
#Base	G	A	T	C
1	25.72127242207727	27.88866869123874	23.471540829040503	22.91851805764349
2	22.962870909640845	26.714892643584477	25.595143048162683	24.727093398611995
3	23.886447059373484	24.77133738011325	26.50582122359842	24.83639433691485
4	25.03393277131334	25.049579364385576	26.26201531937129	23.65447254492979
5	25.16794152051115	25.77304480878465	25.724255582408663	23.334758088295537
6	23.85895198643944	26.249545684444826	24.926742520730734	24.964759808385
7	23.396250244360502	26.237913375670445	26.240580441452032	24.125255938517018
8	22.729220563621002	26.294124245809048	26.54306967006429	24.43358552050566
9	23.198268339562947	25.832698724025978	26.46456768396809	24.504465252442984
10-14	23.176081360664067	26.242442759185426	26.75571118003313	23.82576470011738
15-19	23.235034641106	25.997686109254275	26.77685405056337	23.990425199076356
20-24	23.302635791702485	25.936323347050248	26.72619889221426	24.034841969033003
25-29	23.424789595008214	25.97810901300022	26.62322224348419	23.973879148507372
30-34	23.533976510952883	25.958354039992148	26.53001952507827	23.977649923976703
35-39	23.585089442513713	25.942737136608773	26.48491014915389	23.987263271723624
40-44	23.665610247437193	25.94018757170312	26.431383375198493	23.962818805661193
45-49	23.72730250742474	25.90967727124826	26.368655514727124	23.99436470659988
50-54	23.73944535592189	25.928512408365428	26.352966628161724	23.979075607550957
55-59	23.78252330115298	25.94030523426072	26.317934949489647	23.959236515096656
60-64	23.822908209289192	25.930411103545904	26.271020080486622	23.97566060667828
65-69	23.841190126576162	25.939964492471162	26.253094493310737	23.96575088764194
70-74	23.88222824931793	25.981349247538095	26.205345168872363	23.93107733427162
75-79	23.91033421024857	25.97352462725076	26.18083829599213	23.935302866508536
80-84	23.911275041865977	25.9941060208006	26.17496835713286	23.919650580200564
85-89	23.926647930345794	26.03541345264892	26.132433424659506	23.905505192345778
90-94	23.94169537026457	26.03849052839557	26.10336213396191	23.916451967377956
95-99	23.934231432171103	26.057572388543214	26.089454004403734	23.918742174881945
100-101	23.975983142707353	25.984253551584523	26.08813195140068	23.95163135430744
>>END_MODULE
>>Per base GC content	pass
#Base	%GC
1	48.639790479720766
2	47.68996430825284
3	48.72284139628834
4	48.688405316243134
5	48.50269960880669
6	48.82371179482444
7	47.52150618287752
8	47.162806084126665
9	47.70273359200593
10-14	47.001846060781446
15-19	47.22545984018236
20-24	47.33747776073549
25-29	47.39866874351558
30-34	47.51162643492958
35-39	47.57235271423734
40-44	47.62842905309839
45-49	47.72166721402462
50-54	47.71852096347285
55-59	47.74175981624963
60-64	47.79856881596747
65-69	47.806941014218104
70-74	47.813305583589546
75-79	47.84563707675711
80-84	47.83092562206654
85-89	47.83215312269157
90-94	47.85814733764252
95-99	47.85297360705305
100-101	47.927614497014794
>>END_MODULE
>>Per sequence GC content	fail
#GC Content	Count
0	8.0
1	12.5
2	19.5
3	23.0
4	31.0
5	39.0
6	54.0
7	83.5
8	104.0
9	144.5
10	190.0
11	240.0
12	332.5
13	479.0
14	681.0
15	1032.0
16	1631.0
17	2763.0
18	4760.5
19	7914.5
20	13075.5
21	21211.0
22	33054.5
23	49839.5
24	71683.5
25	99991.0
26	135445.0
27	176835.0
28	225471.5
29	279921.5
30	338300.0
31	403244.5
32	474060.5
33	549683.0
34	630355.0
35	715399.0
36	805449.0
37	904623.5
38	1007435.5
39	1104148.5
40	1187718.0
41	1245982.5
42	1274820.0
43	1277534.5
44	1255245.0
45	1211526.5
46	1154563.0
47	1091389.0
48	1029558.0
49	975672.0
50	932363.0
51	898012.0
52	871244.5
53	855172.0
54	850741.5
55	854556.0
56	861245.0
57	858448.0
58	842564.0
59	817082.0
60	780951.5
61	735713.5
62	683436.5
63	625948.5
64	562753.0
65	494567.0
66	425722.5
67	362382.5
68	304643.0
69	251264.5
70	205166.0
71	164869.5
72	130124.0
73	101475.5
74	78300.5
75	60804.0
76	47214.5
77	36708.5
78	28583.5
79	21866.0
80	16754.0
81	12989.0
82	9957.5
83	7343.0
84	5207.5
85	3487.0
86	2390.5
87	1622.5
88	1024.0
89	586.5
90	327.0
91	177.0
92	82.5
93	47.5
94	27.0
95	17.0
96	10.5
97	7.0
98	8.0
99	29.0
100	30.0
>>END_MODULE
>>Per base N content	pass
#Base	N-Count
1	0.9702999372921345
2	0.00141742107698199
3	3.41338136905867E-4
4	0.0
5	0.013937009691631077
6	0.0038819981332853686
7	0.0
8	0.0
9	0.0
10-14	0.0
15-19	5.785392150946898E-7
20-24	5.785392150946898E-7
25-29	5.4382686218900844E-5
30-34	8.273110775854065E-5
35-39	0.08486823161910043
40-44	7.925987246797251E-5
45-49	3.6563678393984394E-4
50-54	1.9438917627181577E-4
55-59	4.101843035021351E-4
60-64	4.5068204855876334E-4
65-69	8.909503912458222E-5
70-74	2.5860702914732637E-4
75-79	2.4356500955486442E-4
80-84	3.1183263693603777E-4
85-89	1.0587267636232824E-4
90-94	5.2068529358522084E-6
95-99	1.7356176452840695E-4
100-101	0.004405576122946063
>>END_MODULE
>>Sequence Length Distribution	pass
#Length	Count
101	3.4569826E7
>>END_MODULE
>>Sequence Duplication Levels	warn
#Total Duplicate Percentage	24.520376206863826
#Duplication Level	Relative count
1	100.0
2	23.84443841526764
3	6.194538006974728
4	1.63780382088051
5	0.4413798579908283
6	0.13764169484571556
7	0.04433650747434107
8	0.019190428608296884
9	0.00992608376291218
10++	0.018528689690769404
>>END_MODULE
>>Overrepresented sequences	pass
>>END_MODULE
>>Kmer Content	pass
>>END_MODULE
