##FastQC	0.10.1
>>Basic Statistics	pass
#Measure	Value	
Filename	0W-AMT138_1.fastq.gz	
File type	Conventional base calls	
Encoding	Sanger / Illumina 1.9	
Total Sequences	33390354	
Filtered Sequences	0	
Sequence length	101	
%GC	47	
>>END_MODULE
>>Per base sequence quality	pass
#Base	Mean	Median	Lower Quartile	Upper Quartile	10th Percentile	90th Percentile
1	32.09555265571608	33.0	33.0	34.0	30.0	34.0
2	32.326466829312444	33.0	33.0	34.0	29.0	34.0
3	32.409246844163434	33.0	33.0	34.0	29.0	34.0
4	32.40870054866744	33.0	33.0	34.0	31.0	34.0
5	32.649165145119454	33.0	33.0	34.0	32.0	34.0
6	36.09658780496906	38.0	36.0	38.0	33.0	38.0
7	36.57793349540409	38.0	37.0	38.0	34.0	38.0
8	36.84213078423787	38.0	38.0	38.0	35.0	38.0
9	36.96379241741492	38.0	38.0	38.0	35.0	38.0
10-14	36.963303557668176	38.0	38.0	38.0	35.6	38.0
15-19	36.99080125355964	38.0	38.0	38.0	36.0	38.0
20-24	36.93418459714443	38.0	38.0	38.0	35.4	38.0
25-29	36.8672120636996	38.0	38.0	38.0	35.0	38.0
30-34	36.76959303276629	38.0	38.0	38.0	35.0	38.0
35-39	36.7476852266975	38.0	38.0	38.0	35.0	38.0
40-44	36.676528754382176	38.0	38.0	38.0	34.2	38.0
45-49	36.59682201033268	38.0	38.0	38.0	34.0	38.0
50-54	36.483528093173256	38.0	38.0	38.0	34.0	38.0
55-59	36.35766050878047	38.0	37.6	38.0	33.6	38.0
60-64	36.20689620122026	38.0	37.0	38.0	33.0	38.0
65-69	36.093431240651114	38.0	37.0	38.0	33.0	38.0
70-74	35.91090040554826	38.0	37.0	38.0	31.8	38.0
75-79	35.7072844390928	38.0	37.0	38.0	31.0	38.0
80-84	35.50250362125541	38.0	36.0	38.0	29.4	38.0
85-89	35.27206913110295	38.0	36.0	38.0	29.0	38.0
90-94	34.89236590303894	38.0	35.4	38.0	27.6	38.0
95-99	34.41303859791363	38.0	35.0	38.0	25.8	38.0
100-101	31.6536435941949	36.5	29.5	38.0	19.0	38.0
>>END_MODULE
>>Per sequence quality scores	pass
#Quality	Count
2	6528.0
3	1679.0
4	913.0
5	762.0
6	747.0
7	994.0
8	1492.0
9	2534.0
10	3510.0
11	4133.0
12	4672.0
13	5354.0
14	6420.0
15	7594.0
16	9157.0
17	10917.0
18	13596.0
19	16627.0
20	21009.0
21	27321.0
22	38486.0
23	57623.0
24	88246.0
25	131256.0
26	189583.0
27	260150.0
28	344206.0
29	443110.0
30	566013.0
31	720088.0
32	927518.0
33	1229586.0
34	1735551.0
35	2779954.0
36	5993325.0
37	1.77397E7
>>END_MODULE
>>Per base sequence content	pass
#Base	G	A	T	C
1	27.829073304411722	28.790582636924107	19.297726806301394	24.082617252362773
2	22.441409814754902	28.450400093396155	25.61471078129611	23.493479310552825
3	23.878363194352474	25.683144898673433	26.81125213587134	23.627239771102758
4	24.73704531554233	25.55672515481567	26.555456704651885	23.150772824990113
5	24.403988049961974	26.013911083422474	26.320706273434535	23.261394593181013
6	23.843020652012257	26.293470862872553	25.175135909011324	24.688372576103866
7	23.30912394639482	26.306726188048202	26.21674810635431	24.167401759202672
8	22.69168814442638	26.342197510095282	26.830608025299764	24.135506320178575
9	23.165858019953905	25.90276221689653	26.626878529050636	24.304501234098925
10-14	23.08713588361477	26.322057561893473	26.87976892967352	23.711037624818236
15-19	23.132327378140406	26.0338359994626	26.904725238911816	23.929111383485182
20-24	23.233682113322146	25.976414098567265	26.809843807430738	23.98005998067985
25-29	23.38475237489246	25.995987943104765	26.659687405530352	23.95957227647242
30-34	23.4967781413758	25.982162393366657	26.53629308632068	23.984766378936865
35-39	23.54666380596025	25.942122087115337	26.520804780925655	23.99040932599876
40-44	23.6313235852486	25.9421730000227	26.43589103607587	23.990612378652827
45-49	23.683227796866124	25.887550039152025	26.392294612989133	24.036927550992722
50-54	23.691829938251356	25.898736046322572	26.384489745320817	24.02494427010525
55-59	23.73611319811092	25.90946536421106	26.334162246228853	24.020259191449167
60-64	23.769129028017918	25.882275081625906	26.291986789543415	24.05660910081276
65-69	23.786868304953785	25.895679242039932	26.276630932594053	24.04082152041223
70-74	23.831196574426063	25.932573956176363	26.228818486436882	24.00741098296069
75-79	23.8567641421232	25.914882483725687	26.197632406053557	24.03072096809755
80-84	23.860243590109885	25.936869672001677	26.19533473649306	24.007552001395375
85-89	23.889599373519673	25.947336766780012	26.139665365632244	24.023398494068076
90-94	23.906695927811967	25.926658339710922	26.116946229440995	24.049699503036116
95-99	23.89995985068023	25.942692311677796	26.100324063650238	24.057023773991734
100-101	23.97271888403913	25.81817786492643	26.049233662939997	24.15986958809445
>>END_MODULE
>>Per base GC content	pass
#Base	%GC
1	51.911690556774495
2	45.93488912530773
3	47.50560296545523
4	47.88781814053244
5	47.66538264314299
6	48.53139322811612
7	47.47652570559749
8	46.82719446460496
9	47.47035925405283
10-14	46.798173508433
15-19	47.06143876162559
20-24	47.213742094002
25-29	47.344324651364886
30-34	47.48154452031266
35-39	47.537073131959005
40-44	47.62193596390143
45-49	47.72015534785884
50-54	47.71677420835661
55-59	47.756372389560084
60-64	47.82573812883068
65-69	47.827689825366015
70-74	47.83860755738675
75-79	47.88748511022076
80-84	47.867795591505256
85-89	47.91299786758775
90-94	47.95639543084808
95-99	47.95698362467196
100-101	48.13258847213358
>>END_MODULE
>>Per sequence GC content	warn
#GC Content	Count
0	16.0
1	22.5
2	32.0
3	37.5
4	41.5
5	49.0
6	71.0
7	98.5
8	127.5
9	166.5
10	212.5
11	266.5
12	378.0
13	550.5
14	807.5
15	1262.5
16	2047.5
17	3454.0
18	5932.0
19	10138.5
20	16591.5
21	26413.5
22	40376.5
23	59483.5
24	85148.0
25	116795.0
26	154331.0
27	198370.0
28	248775.5
29	303769.5
30	361875.5
31	424330.5
32	489267.0
33	557712.0
34	631398.0
35	707640.0
36	786194.0
37	867617.5
38	950375.5
39	1028902.5
40	1095296.5
41	1140197.5
42	1160567.5
43	1161139.5
44	1143675.0
45	1112760.5
46	1068608.0
47	1019456.0
48	975889.0
49	935271.5
50	901030.0
51	873805.5
52	850886.0
53	836230.0
54	830429.0
55	831330.5
56	835919.0
57	834395.5
58	819124.0
59	792215.5
60	758185.0
61	716135.0
62	666238.0
63	611217.0
64	551627.5
65	486841.0
66	421989.0
67	361851.0
68	304411.0
69	251755.5
70	206560.0
71	166754.0
72	132214.5
73	103556.5
74	80057.5
75	62015.0
76	48818.5
77	38630.5
78	30451.5
79	23552.0
80	18186.5
81	14155.5
82	10857.0
83	8138.0
84	5910.5
85	4114.5
86	2757.5
87	1716.0
88	1039.0
89	599.0
90	315.0
91	190.5
92	99.5
93	47.5
94	31.0
95	18.0
96	12.0
97	7.5
98	2.0
99	0.5
100	0.5
>>END_MODULE
>>Per base N content	pass
#Base	N-Count
1	0.052754756658165404
2	0.004192827665139459
3	0.0
4	0.0
5	0.0
6	0.0
7	0.0
8	0.0
9	0.0
10-14	0.0
15-19	0.0
20-24	4.061053081377933E-4
25-29	0.0
30-34	0.0
35-39	0.0
40-44	0.0
45-49	0.0
50-54	4.911598122020509E-5
55-59	0.00732846378328304
60-64	0.02689219766882376
65-69	0.021790724351110503
70-74	7.049940231241633E-4
75-79	0.0
80-84	0.0
85-89	0.0
90-94	0.0
95-99	0.0
100-101	4.522264124543274E-4
>>END_MODULE
>>Sequence Length Distribution	pass
#Length	Count
101	3.3390354E7
>>END_MODULE
>>Sequence Duplication Levels	warn
#Total Duplicate Percentage	22.129481166239593
#Duplication Level	Relative count
1	100.0
2	21.750397701031456
3	4.8487453173910815
4	1.1789911222866527
5	0.30404885308154156
6	0.09493508492841382
7	0.0404115564222302
8	0.019885051572843433
9	0.012829065530866731
10++	0.0404115564222302
>>END_MODULE
>>Overrepresented sequences	pass
>>END_MODULE
>>Kmer Content	pass
>>END_MODULE
