##FastQC	0.10.1
>>Basic Statistics	pass
#Measure	Value	
Filename	AMT046_1.fastq.gz	
File type	Conventional base calls	
Encoding	Sanger / Illumina 1.9	
Total Sequences	33822570	
Filtered Sequences	0	
Sequence length	101	
%GC	47	
>>END_MODULE
>>Per base sequence quality	pass
#Base	Mean	Median	Lower Quartile	Upper Quartile	10th Percentile	90th Percentile
1	31.225613843063964	33.0	32.0	33.0	27.0	34.0
2	31.21008897313244	33.0	31.0	33.0	28.0	34.0
3	31.225689384337144	33.0	31.0	33.0	28.0	34.0
4	32.04752240885303	33.0	32.0	33.0	31.0	34.0
5	32.02976142853721	33.0	32.0	33.0	31.0	34.0
6	36.167693052302056	38.0	36.0	38.0	33.0	38.0
7	36.620933004204	38.0	37.0	38.0	34.0	38.0
8	36.80795241165884	38.0	38.0	38.0	35.0	38.0
9	36.96053729802318	38.0	38.0	38.0	35.0	38.0
10-14	37.00223751181533	38.0	38.0	38.0	36.0	38.0
15-19	36.93467359813285	38.0	38.0	38.0	35.2	38.0
20-24	36.85128570064309	38.0	38.0	38.0	35.0	38.0
25-29	36.78119278339877	38.0	38.0	38.0	35.0	38.0
30-34	36.72929904498683	38.0	38.0	38.0	35.0	38.0
35-39	36.658656950078004	38.0	38.0	38.0	34.0	38.0
40-44	36.56394806781388	38.0	38.0	38.0	34.0	38.0
45-49	36.471260823763544	38.0	38.0	38.0	34.0	38.0
50-54	36.366603052340494	38.0	37.8	38.0	33.8	38.0
55-59	36.21338599639235	38.0	37.0	38.0	33.0	38.0
60-64	36.04007310503016	38.0	37.0	38.0	32.4	38.0
65-69	35.85229860415693	38.0	37.0	38.0	31.0	38.0
70-74	35.68699738665631	38.0	37.0	38.0	30.2	38.0
75-79	35.547919486898834	38.0	36.2	38.0	29.0	38.0
80-84	35.33255958964679	38.0	36.0	38.0	29.0	38.0
85-89	35.071881959295226	38.0	36.0	38.0	28.0	38.0
90-94	34.81698326886455	38.0	35.2	38.0	27.4	38.0
95-99	34.21145514962346	38.0	34.6	38.0	24.6	38.0
100-101	31.806407407834474	36.5	30.5	38.0	15.0	38.0
>>END_MODULE
>>Per sequence quality scores	pass
#Quality	Count
2	11021.0
3	1591.0
4	761.0
5	612.0
6	684.0
7	941.0
8	1544.0
9	2569.0
10	3458.0
11	3843.0
12	4237.0
13	5213.0
14	6107.0
15	7263.0
16	8902.0
17	10656.0
18	13217.0
19	16564.0
20	20679.0
21	27199.0
22	37750.0
23	57399.0
24	89260.0
25	134133.0
26	196064.0
27	273546.0
28	367355.0
29	484660.0
30	629838.0
31	815216.0
32	1063824.0
33	1420913.0
34	1999399.0
35	3147262.0
36	6499158.0
37	1.6459732E7
>>END_MODULE
>>Per base sequence content	pass
#Base	G	A	T	C
1	26.37503750673434	28.633176012988187	21.92966698104688	23.062119499230597
2	22.02134824750059	27.612070612069427	26.168045158799103	24.19853598163088
3	23.232672738943254	25.391985292661083	27.21319225594034	24.16214971245532
4	24.785659398443112	25.55041204733999	26.69443510649841	22.96949344771849
5	24.96468778096993	25.845200409075954	26.1960519262729	22.994059883681224
6	23.828127898859485	26.2828970797576	25.047488261462338	24.84148675992057
7	23.293348199146312	26.385517126581455	26.357110059939266	23.964024614332974
8	22.626015704897647	26.47250933326474	26.672813449717157	24.228661512120457
9	23.11216740773986	25.974389290937978	26.601781000083673	24.311662301238492
10-14	23.046705203064107	26.40443703716187	26.951222216407565	23.597635543366458
15-19	23.087256231563718	26.147030222718143	26.985611087507543	23.780102458210596
20-24	23.16225580045912	26.09726939792373	26.924830168213727	23.815644633403423
25-29	23.290021426520813	26.13909410195618	26.802666385197817	23.768218086325195
30-34	23.397407707338623	26.113643049596764	26.698961669677967	23.789987573386647
35-39	23.44439585755902	26.094024788772703	26.669665256070136	23.791914097598145
40-44	23.520878513962717	26.105657849181775	26.596100769397474	23.77736286745803
45-49	23.574490052056955	26.06418909030272	26.54721152177377	23.814109335866554
50-54	23.594343067365962	26.067719277393763	26.540905673341797	23.797031981898478
55-59	23.630042306069587	26.082470965393817	26.515005808251708	23.772480920284885
60-64	23.665299236574867	26.06820061278608	26.46215293515543	23.804347215483627
65-69	23.677340899878395	26.090542498692443	26.442557144533964	23.789559456895205
70-74	23.7301839115326	26.121081909736482	26.40022403511238	23.74851014361854
75-79	23.761220392181905	26.116034352209187	26.36485400133698	23.757891254271925
80-84	23.754981954357696	26.147783565826018	26.35552650197782	23.741707977838466
85-89	23.780785434105095	26.180007610302823	26.319959719205254	23.719247236386824
90-94	23.80858876188297	26.1693490471008	26.29048295265558	23.731579238360656
95-99	23.805882285113167	26.187462986993598	26.278858170742197	23.727796557151038
100-101	23.836719090240628	26.129426297292014	26.289185002795474	23.744669609671885
>>END_MODULE
>>Per base GC content	pass
#Base	%GC
1	49.437157005964934
2	46.219884229131466
3	47.394822451398575
4	47.7551528461616
5	47.95874766465115
6	48.669614658780056
7	47.25737281347928
8	46.85467721701811
9	47.42382970897835
10-14	46.644340746430565
15-19	46.86735868977431
20-24	46.977900433862544
25-29	47.05823951284601
30-34	47.18739528072527
35-39	47.23630995515716
40-44	47.298241381420745
45-49	47.388599387923506
50-54	47.39137504926444
55-59	47.40252322635447
60-64	47.4696464520585
65-69	47.4669003567736
70-74	47.47869405515114
75-79	47.51911164645383
80-84	47.49668993219616
85-89	47.50003267049192
90-94	47.540168000243625
95-99	47.5336788422642
100-101	47.581388699912516
>>END_MODULE
>>Per sequence GC content	warn
#GC Content	Count
0	15.0
1	14.0
2	18.5
3	27.0
4	30.0
5	43.0
6	66.5
7	94.5
8	127.5
9	171.5
10	226.0
11	296.0
12	406.0
13	570.5
14	832.0
15	1262.5
16	1936.0
17	3093.5
18	5164.5
19	8578.0
20	14360.5
21	23330.0
22	35841.5
23	53176.5
24	76571.0
25	106204.5
26	142512.0
27	186216.0
28	235393.0
29	289855.5
30	349724.0
31	414913.0
32	484892.5
33	558366.5
34	637746.0
35	721182.0
36	809696.5
37	905861.0
38	1003231.5
39	1096177.0
40	1174835.5
41	1228078.5
42	1255030.0
43	1256383.0
44	1232699.0
45	1191965.0
46	1135853.5
47	1073095.5
48	1013871.0
49	961619.0
50	919988.0
51	885470.5
52	857518.5
53	839295.0
54	831974.5
55	832814.0
56	837300.0
57	832388.5
58	812633.5
59	782863.5
60	744589.5
61	698589.0
62	644697.0
63	586262.0
64	523978.5
65	457227.5
66	391482.5
67	330972.5
68	276116.0
69	226457.0
70	183324.5
71	146030.5
72	114721.0
73	88759.0
74	67743.5
75	52141.5
76	40251.0
77	31156.0
78	24130.0
79	18484.0
80	13984.0
81	10657.0
82	8141.0
83	6094.5
84	4416.0
85	3026.5
86	2010.5
87	1302.0
88	814.0
89	502.5
90	299.5
91	165.5
92	71.0
93	37.0
94	18.5
95	11.5
96	7.5
97	2.5
98	2.0
99	1.0
100	1.0
>>END_MODULE
>>Per base N content	pass
#Base	N-Count
1	0.11423437071754157
2	0.0017443973062957665
3	0.0
4	0.0
5	0.0
6	2.9566056038911294E-6
7	0.0
8	0.0
9	0.0
10-14	0.0
15-19	0.0
20-24	4.3166441816810486E-5
25-29	0.0
30-34	0.0
35-39	0.0
40-44	0.0
45-49	0.0
50-54	0.0
55-59	0.0
60-64	0.0
65-69	0.0
70-74	4.3166441816810486E-5
75-79	0.0
80-84	0.0
85-89	0.0
90-94	0.0
95-99	0.0
100-101	0.0
>>END_MODULE
>>Sequence Length Distribution	pass
#Length	Count
101	3.382257E7
>>END_MODULE
>>Sequence Duplication Levels	warn
#Total Duplicate Percentage	21.79659442260529
#Duplication Level	Relative count
1	100.0
2	21.45512378324519
3	4.781431235788559
4	1.0832630745254337
5	0.2548478577450755
6	0.08558800235047648
7	0.03512940394982244
8	0.019161493063539512
9	0.009580746531769756
10++	0.019161493063539512
>>END_MODULE
>>Overrepresented sequences	pass
>>END_MODULE
>>Kmer Content	pass
>>END_MODULE
