##FastQC	0.10.1
>>Basic Statistics	pass
#Measure	Value	
Filename	0W-AMT144_2.fastq.gz	
File type	Conventional base calls	
Encoding	Sanger / Illumina 1.9	
Total Sequences	33842459	
Filtered Sequences	0	
Sequence length	101	
%GC	46	
>>END_MODULE
>>Per base sequence quality	pass
#Base	Mean	Median	Lower Quartile	Upper Quartile	10th Percentile	90th Percentile
1	32.44647973127485	33.0	33.0	34.0	32.0	34.0
2	32.58309509956118	33.0	33.0	34.0	32.0	34.0
3	32.66615233248861	33.0	33.0	34.0	32.0	34.0
4	32.60757387635455	33.0	33.0	34.0	32.0	34.0
5	32.630316845475086	33.0	33.0	34.0	32.0	34.0
6	36.74680315044483	38.0	38.0	38.0	35.0	38.0
7	36.75265603483482	38.0	38.0	38.0	35.0	38.0
8	36.73157869527152	38.0	38.0	38.0	35.0	38.0
9	36.74406862692808	38.0	38.0	38.0	35.0	38.0
10-14	36.70596301527617	38.0	38.0	38.0	35.0	38.0
15-19	36.63629378704426	38.0	38.0	38.0	34.2	38.0
20-24	36.59688186960646	38.0	38.0	38.0	34.2	38.0
25-29	36.49348136906955	38.0	38.0	38.0	34.0	38.0
30-34	36.423679839576664	38.0	38.0	38.0	34.0	38.0
35-39	36.3779825809939	38.0	38.0	38.0	34.0	38.0
40-44	36.27622695502121	38.0	38.0	38.0	33.6	38.0
45-49	36.183176169320326	38.0	38.0	38.0	33.0	38.0
50-54	36.03658671493109	38.0	37.0	38.0	32.8	38.0
55-59	35.846117340350474	38.0	37.0	38.0	31.4	38.0
60-64	35.6807998910481	38.0	37.0	38.0	30.6	38.0
65-69	35.50040112037958	38.0	37.0	38.0	29.4	38.0
70-74	35.14926519967122	38.0	36.0	38.0	28.2	38.0
75-79	34.92140499601403	38.0	36.0	38.0	27.6	38.0
80-84	34.51895585365118	38.0	35.2	38.0	25.2	38.0
85-89	34.00180504023068	38.0	34.2	38.0	23.6	38.0
90-94	33.272598022501846	38.0	33.4	38.0	17.2	38.0
95-99	31.91668523850468	38.0	31.8	38.0	11.4	38.0
100-101	26.646668213441583	34.0	16.5	37.5	2.0	38.0
>>END_MODULE
>>Per sequence quality scores	pass
#Quality	Count
2	37421.0
3	12753.0
4	8514.0
5	8161.0
6	8242.0
7	8856.0
8	9895.0
9	10955.0
10	12782.0
11	14215.0
12	16551.0
13	19513.0
14	23442.0
15	27911.0
16	35028.0
17	42664.0
18	52784.0
19	66539.0
20	84026.0
21	106124.0
22	134020.0
23	167368.0
24	206208.0
25	251650.0
26	306542.0
27	371259.0
28	448182.0
29	543598.0
30	664396.0
31	825484.0
32	1052590.0
33	1391876.0
34	1970558.0
35	3140729.0
36	6516705.0
37	1.5244918E7
>>END_MODULE
>>Per base sequence content	fail
#Base	G	A	T	C
1	32.78614003787372	44.172443261289025	9.782324032659684	13.25909266817757
2	23.366263072077594	31.914731727975205	25.29258290598801	19.426422293959195
3	25.553497259240498	26.749034437347376	28.565218280334598	19.13225002307753
4	25.464722796231314	27.10151966562398	26.81479927873865	20.618958259406053
5	24.64842223856068	31.419464351892813	24.40984016460751	19.522273244939004
6	24.307899548773324	29.845846694033114	21.391848702045902	24.454405055147664
7	22.60017315556816	28.78595194194265	26.727152920596648	21.88672198189254
8	21.40641949042986	28.54837370446705	26.590232623421905	23.45497418168118
9	22.71236587560684	27.57703840149295	25.989352726196508	23.721242996703708
10-14	22.695968180706714	28.174799791446866	26.92193911205306	22.20729291579336
15-19	22.73496673341965	27.26518603405535	27.097631140254485	22.902216092270514
20-24	22.918337590699135	27.134713564010355	26.841669878351233	23.105278966939274
25-29	23.087566873533085	27.16418916367674	26.61873976414358	23.129504198646604
30-34	23.23665925283633	27.066282340630128	26.465292167064558	23.231766239468993
35-39	23.206648266056877	26.966210424354298	26.48208186338791	23.34505944620091
40-44	23.293534616871902	26.99096354939013	26.359535354707297	23.35596647903067
45-49	23.347786891312175	26.871332532069765	26.2769299675772	23.503950609040864
50-54	23.323453437120605	26.844754588306895	26.287500311006045	23.544291663566455
55-59	23.35543667104726	26.868431730244396	26.19232516210024	23.5838064366081
60-64	23.40802054627214	26.78841300176378	26.136043611818767	23.66752284014532
65-69	23.37324891444231	26.76910974898518	26.138903144151016	23.718738192421494
70-74	23.453927510259273	26.83123000642637	26.075823797561675	23.63901868575268
75-79	23.498460820340526	26.797903077005074	26.025443686958155	23.678192415696238
80-84	23.48508381446802	26.81554186449398	26.019144519984017	23.680229801053986
85-89	23.511920009872416	26.833231937672757	25.970564973988836	23.684283078465988
90-94	23.54672018802346	26.79611468253279	25.908563778971022	23.74860135047273
95-99	23.514671360832963	26.813986097601955	25.899054388973642	23.772288152591436
100-101	23.631139724591037	26.58617207166511	25.52195860925533	24.260729594488524
>>END_MODULE
>>Per base GC content	pass
#Base	%GC
1	46.045232706051294
2	42.792685366036785
3	44.685747282318026
4	46.08368105563737
5	44.170695483499685
6	48.76230460392099
7	44.4868951374607
8	44.86139367211104
9	46.43360887231054
10-14	44.90326109650008
15-19	45.63718282569017
20-24	46.02361655763841
25-29	46.217071072179685
30-34	46.46842549230532
35-39	46.55170771225779
40-44	46.64950109590257
45-49	46.85173750035304
50-54	46.86774510068707
55-59	46.939243107655365
60-64	47.075543386417465
65-69	47.091987106863805
70-74	47.09294619601195
75-79	47.17665323603676
80-84	47.16531361552201
85-89	47.19620308833841
90-94	47.29532153849619
95-99	47.28695951342441
100-101	47.89186931907956
>>END_MODULE
>>Per sequence GC content	warn
#GC Content	Count
0	123.0
1	114.5
2	120.5
3	155.5
4	189.0
5	211.5
6	277.0
7	376.0
8	468.0
9	560.0
10	671.0
11	873.0
12	1161.5
13	1520.0
14	2082.0
15	2869.0
16	4009.0
17	5977.0
18	9226.0
19	14377.0
20	21912.0
21	32113.5
22	45993.5
23	64434.5
24	87999.0
25	117950.5
26	153671.5
27	194301.0
28	242381.5
29	297161.0
30	356701.5
31	424469.5
32	498137.0
33	579202.0
34	668068.5
35	763427.0
36	868010.0
37	978116.0
38	1086770.5
39	1185986.0
40	1266854.5
41	1318230.5
42	1335280.5
43	1322000.0
44	1287275.0
45	1234317.5
46	1166098.5
47	1092691.5
48	1022818.0
49	962393.5
50	911647.0
51	869156.5
52	835233.5
53	811439.0
54	800609.0
55	798321.5
56	798843.5
57	790656.5
58	766221.5
59	732357.5
60	689996.0
61	640166.0
62	586864.5
63	529109.5
64	467376.5
65	403669.5
66	341055.0
67	284606.5
68	233417.0
69	187781.0
70	149974.0
71	118178.5
72	91519.0
73	69686.0
74	52256.5
75	39230.5
76	29694.0
77	22680.5
78	17554.5
79	13395.0
80	10146.5
81	7755.0
82	5969.0
83	4598.0
84	3420.5
85	2415.0
86	1710.5
87	1199.0
88	812.0
89	540.5
90	346.0
91	224.0
92	153.0
93	103.0
94	74.0
95	56.0
96	41.0
97	40.5
98	33.0
99	23.5
100	25.5
>>END_MODULE
>>Per base N content	pass
#Base	N-Count
1	0.0
2	0.0
3	4.432302038099536E-5
4	2.3638944203197528E-4
5	5.023275643179475E-5
6	1.3296906114298608E-4
7	1.7433721349858176E-4
8	6.175674173085355E-4
9	5.34831112597344E-4
10-14	4.390933885743941E-4
15-19	5.224206668906654E-4
20-24	0.0011990854447071946
25-29	0.002973779180762249
30-34	0.007007765009037907
35-39	0.004156317364527205
40-44	0.0022592920922206035
45-49	0.001215041732044353
50-54	0.001988626181093992
55-59	0.011314189669255417
60-64	0.01224910991249188
65-69	0.01032076303911604
70-74	0.0395999593291965
75-79	0.023660219252980407
80-84	0.01574826462817019
85-89	0.0032586284584107793
90-94	0.0031463434734455907
95-99	0.004194730648857401
100-101	0.0036108487270384224
>>END_MODULE
>>Sequence Length Distribution	pass
#Length	Count
101	3.3842459E7
>>END_MODULE
>>Sequence Duplication Levels	warn
#Total Duplicate Percentage	33.04244565190275
#Duplication Level	Relative count
1	100.0
2	29.13999567799578
3	10.995029695149668
4	4.529162350872225
5	1.8599521598843491
6	0.8711074018048094
7	0.4441231920236667
8	0.25484921421492285
9	0.14009255050410963
10++	0.8003159534117752
>>END_MODULE
>>Overrepresented sequences	pass
>>END_MODULE
>>Kmer Content	pass
>>END_MODULE
