##FastQC	0.10.1
>>Basic Statistics	pass
#Measure	Value	
Filename	0W-AMT141_1.fastq.gz	
File type	Conventional base calls	
Encoding	Sanger / Illumina 1.9	
Total Sequences	33310510	
Filtered Sequences	0	
Sequence length	101	
%GC	47	
>>END_MODULE
>>Per base sequence quality	pass
#Base	Mean	Median	Lower Quartile	Upper Quartile	10th Percentile	90th Percentile
1	32.13689412140493	33.0	33.0	34.0	30.0	34.0
2	32.36553997522103	33.0	33.0	34.0	30.0	34.0
3	32.445525661420376	33.0	33.0	34.0	30.0	34.0
4	32.463060697659685	33.0	33.0	34.0	31.0	34.0
5	32.69844757705601	33.0	33.0	34.0	32.0	34.0
6	36.14796999505561	38.0	36.0	38.0	33.0	38.0
7	36.628402687320005	38.0	37.0	38.0	34.0	38.0
8	36.8891518622801	38.0	38.0	38.0	35.0	38.0
9	37.010540336968724	38.0	38.0	38.0	36.0	38.0
10-14	37.01023765772425	38.0	38.0	38.0	35.8	38.0
15-19	37.04032070358575	38.0	38.0	38.0	36.0	38.0
20-24	36.986895709492295	38.0	38.0	38.0	35.8	38.0
25-29	36.92456807175873	38.0	38.0	38.0	35.2	38.0
30-34	36.83063700315606	38.0	38.0	38.0	35.0	38.0
35-39	36.81230529943852	38.0	38.0	38.0	35.0	38.0
40-44	36.74459109752448	38.0	38.0	38.0	34.8	38.0
45-49	36.66864313995793	38.0	38.0	38.0	34.0	38.0
50-54	36.560203647437405	38.0	38.0	38.0	34.0	38.0
55-59	36.43814682513117	38.0	38.0	38.0	34.0	38.0
60-64	36.29302196814159	38.0	37.0	38.0	33.2	38.0
65-69	36.185167053881784	38.0	37.0	38.0	33.0	38.0
70-74	36.01146391934558	38.0	37.0	38.0	32.6	38.0
75-79	35.81623916895899	38.0	37.0	38.0	31.0	38.0
80-84	35.62005149726018	38.0	36.6	38.0	30.6	38.0
85-89	35.401022097830385	38.0	36.0	38.0	29.0	38.0
90-94	35.04252736448646	38.0	36.0	38.0	28.4	38.0
95-99	34.59237761295159	38.0	35.2	38.0	26.6	38.0
100-101	31.86963706049532	36.5	30.5	38.0	20.0	38.0
>>END_MODULE
>>Per sequence quality scores	pass
#Quality	Count
2	6546.0
3	1727.0
4	929.0
5	675.0
6	713.0
7	854.0
8	1264.0
9	2202.0
10	3126.0
11	3732.0
12	4376.0
13	4884.0
14	5624.0
15	6645.0
16	8043.0
17	9746.0
18	11642.0
19	14216.0
20	17951.0
21	23580.0
22	32825.0
23	49719.0
24	76072.0
25	114015.0
26	166558.0
27	232298.0
28	311787.0
29	407623.0
30	527619.0
31	678160.0
32	883584.0
33	1187734.0
34	1694057.0
35	2747303.0
36	6042790.0
37	1.8029891E7
>>END_MODULE
>>Per base sequence content	warn
#Base	G	A	T	C
1	28.476804801162874	29.355369380722163	18.386956309000908	23.78086950911405
2	21.75284674201938	27.879935621254592	25.00879788814658	25.358419748579443
3	22.403184460400034	24.669610282160196	28.788664598650698	24.138540658789072
4	24.087415653497953	24.636581667467716	28.570613298925775	22.70538938010856
5	23.486278054583973	25.41306932856927	27.316498606595935	23.78415401025082
6	23.931242721891678	27.238015869465826	24.29106008884283	24.539681319799666
7	22.855606233588137	26.320734807122438	26.172736472662834	24.65092248662659
8	22.634327724192755	26.63379515954574	26.760079626520277	23.971797489741224
9	23.151960147112728	25.74301023911072	26.72603331501079	24.378996298765763
10-14	23.113798617913687	26.28483922942038	26.90434880762858	23.697013345037345
15-19	23.17243116361773	26.021690451452113	26.94527883241656	23.860599552513605
20-24	23.277053558819887	25.96349160717768	26.841550354532256	23.917904479470174
25-29	23.386952046065943	25.984011652778662	26.744267800162767	23.884768500992628
30-34	23.51187778271783	25.984538213314657	26.595158705165428	23.90842529880209
35-39	23.548550292385194	25.95636031991104	26.574014627815668	23.921074759888093
40-44	23.64916478312701	25.983309772201025	26.480735359500652	23.886790085171317
45-49	23.675007077345857	25.93538135561419	26.446313190641636	23.94329837639832
50-54	23.716258652318086	25.95520285150249	26.405156534568718	23.92338196161071
55-59	23.737639706756415	25.961001103899367	26.37399828126202	23.9273609080822
60-64	23.804065835421202	25.94866657428564	26.322795319913027	23.924472270380132
65-69	23.79110786716523	25.93878163101213	26.33232843463862	23.937782067184017
70-74	23.854684720817257	26.0066562185159	26.27394319767727	23.86471586298957
75-79	23.88954357048271	25.966592525902488	26.247144820058292	23.896719083556512
80-84	23.896959247997103	26.022322083930867	26.213126727870574	23.867591940201454
85-89	23.926396803891624	26.016970619783365	26.17338791870794	23.88324465761707
90-94	23.928415386014805	26.028136465037612	26.139949823644248	23.903498325303335
95-99	23.887476955471413	26.04007023609065	26.14140221809873	23.931050590339208
100-101	23.991099411188053	25.944729151322665	26.076464362212853	23.98770707527643
>>END_MODULE
>>Per base GC content	pass
#Base	%GC
1	52.257674310276926
2	47.11126649059882
3	46.54172511918911
4	46.79280503360651
5	47.27043206483479
6	48.47092404169134
7	47.50652872021473
8	46.60612521393398
9	47.530956445878495
10-14	46.810811962951036
15-19	47.033030716131336
20-24	47.19495803829006
25-29	47.27172054705857
30-34	47.42030308151992
35-39	47.46962505227329
40-44	47.535954868298326
45-49	47.61830545374418
50-54	47.63964061392879
55-59	47.66500061483862
60-64	47.728538105801334
65-69	47.72888993434925
70-74	47.71940058380683
75-79	47.78626265403922
80-84	47.76455118819856
85-89	47.8096414615087
90-94	47.831913711318144
95-99	47.81852754581062
100-101	47.97880648646448
>>END_MODULE
>>Per sequence GC content	fail
#GC Content	Count
0	17.0
1	19.5
2	26.0
3	30.0
4	46.0
5	54.5
6	63.5
7	84.5
8	102.5
9	134.5
10	184.0
11	264.5
12	356.5
13	496.0
14	717.5
15	1082.5
16	1799.0
17	2993.5
18	5148.5
19	8813.5
20	14672.0
21	23630.0
22	36224.0
23	53364.5
24	76004.0
25	104958.5
26	140237.5
27	181616.0
28	230342.5
29	283618.0
30	339410.5
31	401576.0
32	468652.0
33	540439.0
34	616935.5
35	695983.5
36	779093.0
37	870832.5
38	965498.5
39	1054034.0
40	1131592.5
41	1186028.0
42	1213753.0
43	1216524.0
44	1197787.0
45	1161901.0
46	1109972.5
47	1052055.5
48	995944.5
49	946087.0
50	906742.0
51	873988.0
52	846769.5
53	829750.0
54	823290.5
55	824402.0
56	828469.0
57	823549.0
58	806262.0
59	779148.0
60	742155.5
61	698830.5
62	649341.0
63	593506.5
64	532899.5
65	467898.5
66	403005.5
67	344259.0
68	289728.5
69	238917.5
70	195312.0
71	157127.0
72	124494.5
73	97329.0
74	74913.5
75	57961.5
76	45191.0
77	35425.5
78	27538.5
79	21095.5
80	16275.5
81	12569.0
82	9562.5
83	7124.0
84	5030.0
85	3473.5
86	2363.5
87	1520.0
88	935.0
89	510.5
90	273.5
91	176.0
92	89.5
93	48.0
94	27.5
95	18.0
96	10.5
97	5.0
98	3.0
99	3.0
100	1.0
>>END_MODULE
>>Per base N content	pass
#Base	N-Count
1	0.053763812082132635
2	0.004142836600220171
3	0.0
4	0.0
5	0.0
6	0.0
7	0.0
8	0.0
9	0.0
10-14	0.0
15-19	0.0
20-24	4.2629188205164074E-4
25-29	0.0
30-34	0.0
35-39	0.0
40-44	0.0
45-49	0.0
50-54	4.4430421509607627E-5
55-59	0.007753108553426531
60-64	0.027918515807773586
65-69	0.022768189379267986
70-74	7.367044215174129E-4
75-79	0.0
80-84	0.0
85-89	0.0
90-94	0.0
95-99	0.0
100-101	3.887661882090668E-4
>>END_MODULE
>>Sequence Length Distribution	pass
#Length	Count
101	3.331051E7
>>END_MODULE
>>Sequence Duplication Levels	warn
#Total Duplicate Percentage	24.752193431440595
#Duplication Level	Relative count
1	100.0
2	23.366005481488365
3	6.165015362767024
4	1.8295960554519572
5	0.6357464712089137
6	0.27009270749689757
7	0.1513050056739377
8	0.08958849020167364
9	0.05906204168851077
10++	0.15727757168738263
>>END_MODULE
>>Overrepresented sequences	pass
>>END_MODULE
>>Kmer Content	pass
>>END_MODULE
