##FastQC	0.10.1
>>Basic Statistics	pass
#Measure	Value	
Filename	AMT046_2.fastq.gz	
File type	Conventional base calls	
Encoding	Sanger / Illumina 1.9	
Total Sequences	33822570	
Filtered Sequences	0	
Sequence length	101	
%GC	47	
>>END_MODULE
>>Per base sequence quality	pass
#Base	Mean	Median	Lower Quartile	Upper Quartile	10th Percentile	90th Percentile
1	31.910003231569924	33.0	32.0	34.0	28.0	34.0
2	32.05703306992934	33.0	33.0	34.0	30.0	34.0
3	32.12322097345057	33.0	33.0	34.0	30.0	34.0
4	32.018363329575486	33.0	33.0	34.0	30.0	34.0
5	32.0199704516836	33.0	33.0	34.0	30.0	34.0
6	35.98861443704603	38.0	38.0	38.0	31.0	38.0
7	36.0027020418614	38.0	38.0	38.0	31.0	38.0
8	36.01307070988396	38.0	38.0	38.0	31.0	38.0
9	36.02672378237372	38.0	38.0	38.0	32.0	38.0
10-14	35.97062722909584	38.0	38.0	38.0	31.0	38.0
15-19	35.877800178992906	38.0	37.4	38.0	31.0	38.0
20-24	35.79199273148079	38.0	37.0	38.0	30.8	38.0
25-29	35.68761490330274	38.0	37.0	38.0	29.8	38.0
30-34	35.65464827776245	38.0	37.0	38.0	29.0	38.0
35-39	35.57618189865525	38.0	37.0	38.0	29.0	38.0
40-44	35.49844320523248	38.0	37.0	38.0	29.0	38.0
45-49	35.433729997454364	38.0	37.0	38.0	29.0	38.0
50-54	35.32753195868912	38.0	37.0	38.0	28.8	38.0
55-59	35.17487822480669	38.0	36.4	38.0	28.0	38.0
60-64	34.988378204258275	38.0	36.0	38.0	27.4	38.0
65-69	34.79057074018917	38.0	36.0	38.0	26.6	38.0
70-74	34.54654195112908	38.0	35.8	38.0	25.0	38.0
75-79	34.31066542844024	38.0	35.0	38.0	24.8	38.0
80-84	34.030837136267294	38.0	35.0	38.0	23.0	38.0
85-89	33.70226755684148	38.0	34.0	38.0	16.2	38.0
90-94	33.25205464871534	38.0	34.0	38.0	15.0	38.0
95-99	32.46461951885975	38.0	32.8	38.0	15.0	38.0
100-101	29.41168865937745	35.5	23.0	38.0	8.5	38.0
>>END_MODULE
>>Per sequence quality scores	pass
#Quality	Count
2	141889.0
3	39435.0
4	30430.0
5	18737.0
6	16890.0
7	16366.0
8	16933.0
9	17815.0
10	18975.0
11	21021.0
12	23565.0
13	27618.0
14	32580.0
15	38621.0
16	46368.0
17	54650.0
18	66028.0
19	84428.0
20	112007.0
21	144162.0
22	183651.0
23	234165.0
24	275270.0
25	333400.0
26	397425.0
27	470433.0
28	554246.0
29	655978.0
30	778148.0
31	933778.0
32	1143815.0
33	1446328.0
34	1932936.0
35	2880294.0
36	5591888.0
37	1.5042297E7
>>END_MODULE
>>Per base sequence content	pass
#Base	G	A	T	C
1	24.608762310841968	30.916407876869034	21.633009578117804	22.841820234171195
2	22.3368551939766	29.375040854489775	26.293992566267356	21.994111385266272
3	24.0779336385242	26.636382800924103	26.50760670383435	22.778076856717345
4	24.76402000863166	26.49157583525551	25.90834916347817	22.83605499263465
5	24.280238337911257	27.754024388968162	25.84305843930293	22.12267883381765
6	23.907100466903174	27.13326557314863	24.498721633172487	24.460912326775713
7	22.924211069533758	26.964956301432647	26.543984507271368	23.566848121762224
8	22.373445096181175	27.0359984704046	26.89763245272423	23.692923980689997
9	22.805586108683542	26.670298693814544	26.568672406726396	23.955442790775518
10-14	22.89829036875189	26.968915960805184	26.90348211966551	23.229311550777414
15-19	22.885741658482505	26.489014795377642	27.08135502697716	23.543888519162692
20-24	23.032346179946114	26.368724988764473	26.930023133226545	23.66890569806287
25-29	23.1784033993986	26.385049136546566	26.75938188935224	23.677165574702595
30-34	23.29534215983174	26.331788897108854	26.63667694634773	23.73619199671167
35-39	23.329162896054573	26.298945902169507	26.58727694423059	23.784614257545332
40-44	23.39052385115782	26.297108608955615	26.518976178176434	23.793391361710132
45-49	23.447017904726643	26.23133965009475	26.455285296171688	23.866357149006927
50-54	23.453288229429177	26.22714586932427	26.443485740750482	23.87608016049607
55-59	23.491703781757842	26.23883309867748	26.384943320059495	23.88451979950518
60-64	23.526593399736935	26.210171493581708	26.331728035564026	23.931507071117327
65-69	23.539663236924397	26.207128747893744	26.31615181810757	23.937056197074288
70-74	23.58331366209469	26.242676858832382	26.260751181300694	23.913258297772234
75-79	23.620456857819903	26.22461474392541	26.219459856279837	23.93546854197485
80-84	23.637641173828342	26.24258875864905	26.19591358683958	23.92385648068303
85-89	23.67097861704128	26.26680089677491	26.151554623167662	23.91066586301615
90-94	23.704516083998076	26.232767685026165	26.11203046707477	23.950685763900985
95-99	23.70888268562135	26.255912645841388	26.07707940447557	23.958125264061696
100-101	23.835791370340857	26.045394645314563	25.97254839821872	24.14626558612586
>>END_MODULE
>>Per base GC content	pass
#Base	%GC
1	47.45058254501316
2	44.33096657924287
3	46.85601049524155
4	47.60007500126631
5	46.40291717172891
6	48.368012793678886
7	46.49105919129599
8	46.06636907687117
9	46.761028899459056
10-14	46.127601919529305
15-19	46.4296301776452
20-24	46.70125187800898
25-29	46.855568974101196
30-34	47.031534156543415
35-39	47.1137771535999
40-44	47.18391521286795
45-49	47.313375053733566
50-54	47.32936838992525
55-59	47.37622358126303
60-64	47.45810047085426
65-69	47.47671943399869
70-74	47.49657195986693
75-79	47.55592539979476
80-84	47.56149765451137
85-89	47.58164448005743
90-94	47.655201847899065
95-99	47.66700794968305
100-101	47.98205695646672
>>END_MODULE
>>Per sequence GC content	warn
#GC Content	Count
0	23017.0
1	20677.0
2	10741.0
3	2755.0
4	2213.0
5	1990.0
6	1824.5
7	1669.0
8	1565.0
9	1540.5
10	1581.0
11	1654.0
12	1802.0
13	2015.0
14	2334.0
15	2886.0
16	3745.0
17	5235.0
18	7696.0
19	11760.0
20	18225.0
21	27800.0
22	41342.5
23	60027.0
24	85021.0
25	116809.5
26	155881.0
27	201712.5
28	253508.0
29	311220.0
30	372909.5
31	438075.0
32	509089.5
33	585546.5
34	664257.0
35	744704.5
36	829420.5
37	919755.0
38	1010454.5
39	1096128.5
40	1168275.5
41	1216833.0
42	1238043.0
43	1234466.0
44	1212163.5
45	1172119.0
46	1116555.5
47	1056896.0
48	999934.0
49	948838.0
50	906639.5
51	871214.0
52	843287.0
53	824675.0
54	816968.5
55	816626.5
56	818658.0
57	814906.5
58	796430.0
59	766694.0
60	728323.0
61	682389.5
62	631494.5
63	575357.0
64	514804.5
65	450839.0
66	387217.5
67	328049.0
68	274404.5
69	226103.5
70	183960.0
71	147937.0
72	116928.0
73	91103.0
74	70433.0
75	54523.0
76	42340.0
77	33117.5
78	25827.0
79	19697.0
80	15165.0
81	11727.5
82	8959.5
83	6775.5
84	5000.0
85	3492.5
86	2447.5
87	1705.5
88	1077.0
89	679.5
90	439.0
91	287.0
92	177.0
93	111.0
94	94.0
95	70.5
96	48.5
97	36.5
98	35.5
99	37.0
100	37.0
>>END_MODULE
>>Per base N content	pass
#Base	N-Count
1	0.009742015464821271
2	0.17577315975693153
3	0.19833501712022472
4	0.1866800778296859
5	0.23173579062738284
6	0.17265394084482638
7	0.16257487234116152
8	0.16013862932355524
9	0.1501837382552538
10-14	0.17173207121753314
15-19	0.18642344446326817
20-24	0.198507682887492
25-29	0.19015822866210344
30-34	0.21913473754359886
35-39	0.2189975510435783
40-44	0.22775974741127006
45-49	0.19298237833494025
50-54	0.18874024061447725
55-59	0.20282373574805226
60-64	0.2995278005190026
65-69	0.28042280642777884
70-74	0.33043852078656355
75-79	0.3163426079094522
80-84	0.31255756141535074
85-89	0.2920824762872839
90-94	0.2929493530503448
95-99	0.2714648827691095
100-101	0.2860279393316356
>>END_MODULE
>>Sequence Length Distribution	pass
#Length	Count
101	3.382257E7
>>END_MODULE
>>Sequence Duplication Levels	warn
#Total Duplicate Percentage	20.759597331522393
#Duplication Level	Relative count
1	100.0
2	20.30373684542189
3	4.33549688071082
4	0.9950217405003466
5	0.24261138067931187
6	0.08192072594366374
7	0.025206377213434997
8	0.012603188606717499
9	0.00882223202470225
10++	0.02646669607410675
>>END_MODULE
>>Overrepresented sequences	pass
>>END_MODULE
>>Kmer Content	pass
>>END_MODULE
