##FastQC	0.10.1
>>Basic Statistics	pass
#Measure	Value	
Filename	AMT002_2.fastq.gz	
File type	Conventional base calls	
Encoding	Sanger / Illumina 1.9	
Total Sequences	31405808	
Filtered Sequences	0	
Sequence length	101	
%GC	47	
>>END_MODULE
>>Per base sequence quality	pass
#Base	Mean	Median	Lower Quartile	Upper Quartile	10th Percentile	90th Percentile
1	31.9546355565824	33.0	32.0	34.0	30.0	34.0
2	32.08756323034262	33.0	33.0	34.0	30.0	34.0
3	32.162090145873655	33.0	33.0	34.0	30.0	34.0
4	32.05309205864087	33.0	33.0	34.0	30.0	34.0
5	32.03911505795361	33.0	33.0	34.0	30.0	34.0
6	36.01199163543253	38.0	38.0	38.0	31.0	38.0
7	35.99560976109897	38.0	38.0	38.0	31.0	38.0
8	35.977505179933594	38.0	38.0	38.0	31.0	38.0
9	35.989769822193395	38.0	38.0	38.0	31.0	38.0
10-14	35.97093265678756	38.0	38.0	38.0	31.0	38.0
15-19	35.90765823315229	38.0	37.2	38.0	31.0	38.0
20-24	35.83360571394947	38.0	37.0	38.0	31.0	38.0
25-29	35.742984195789525	38.0	37.0	38.0	30.8	38.0
30-34	35.691958761258434	38.0	37.0	38.0	29.4	38.0
35-39	35.624359755367536	38.0	37.0	38.0	29.0	38.0
40-44	35.49612737236373	38.0	37.0	38.0	29.0	38.0
45-49	35.43486788813075	38.0	37.0	38.0	29.0	38.0
50-54	35.31497291838504	38.0	37.0	38.0	28.4	38.0
55-59	35.17567193303863	38.0	36.2	38.0	28.0	38.0
60-64	34.961317231513355	38.0	36.0	38.0	27.4	38.0
65-69	34.76776607053065	38.0	36.0	38.0	26.2	38.0
70-74	34.51177596831771	38.0	35.6	38.0	25.0	38.0
75-79	34.236394694892105	38.0	35.0	38.0	24.4	38.0
80-84	33.954163873128174	38.0	34.6	38.0	21.2	38.0
85-89	33.59250556457583	38.0	34.0	38.0	15.0	38.0
90-94	33.10736405189766	38.0	33.8	38.0	15.0	38.0
95-99	32.2713123572557	38.0	32.0	38.0	15.0	38.0
100-101	29.011841535807644	35.0	23.0	38.0	8.0	38.0
>>END_MODULE
>>Per sequence quality scores	pass
#Quality	Count
2	112751.0
3	32999.0
4	15824.0
5	14440.0
6	13684.0
7	13766.0
8	14956.0
9	16101.0
10	17135.0
11	19277.0
12	21764.0
13	25424.0
14	30151.0
15	36530.0
16	44228.0
17	52887.0
18	64517.0
19	82842.0
20	110517.0
21	146016.0
22	185751.0
23	233513.0
24	271276.0
25	323013.0
26	383665.0
27	449905.0
28	527831.0
29	620040.0
30	732999.0
31	877559.0
32	1073705.0
33	1360334.0
34	1822007.0
35	2726952.0
36	5270826.0
37	1.3660623E7
>>END_MODULE
>>Per base sequence content	pass
#Base	G	A	T	C
1	24.336061284043968	30.6495320328144	23.529221418687246	21.485185264454394
2	22.891272938033673	29.217014700291866	26.805291879218245	21.086420482456212
3	24.170139500165934	26.217717579657478	26.68694013181953	22.92520278835706
4	24.451901965676118	26.48987683498517	26.228179093659136	22.830042105679578
5	24.275172807840857	27.45637473090704	26.091509781080013	22.176942680172083
6	24.042882549316026	26.894458184349585	25.03930604551783	24.023353220816563
7	23.286327858201457	26.82308784899429	26.641182140994463	23.24940215180979
8	22.761197019284182	26.88627781836994	26.96417945234762	23.388345709998255
9	22.9906923588481	26.52253369692944	26.77577316173648	23.711000782485975
10-14	23.06454056277548	26.746016217165163	27.094710783444338	23.09473243661502
15-19	23.04016664472901	26.298324453992873	27.190025533541956	23.471483367736163
20-24	23.171262943974284	26.171381780306653	27.005931245444852	23.651424030274207
25-29	23.298054172818937	26.19473119922473	26.825744034191768	23.681470593764566
30-34	23.425937055326376	26.140143623241674	26.673387904724883	23.76053141670707
35-39	23.44987722899438	26.099136888721556	26.63057220064246	23.8204136816416
40-44	23.51600748951677	26.09008440611524	26.53413170321215	23.859776401155845
45-49	23.560617146703994	26.01815977135753	26.470804975849372	23.950418106089106
50-54	23.565356946843306	26.006491304845465	26.446804744679465	23.981347003631768
55-59	23.59818169574818	26.01408689263898	26.378977036166525	24.00875437544632
60-64	23.63457004771902	25.982486840307857	26.31653147151254	24.066411640460586
65-69	23.64534445431839	25.982695570997183	26.291935086281747	24.080024888402676
70-74	23.687742176961066	26.019052008199207	26.225624857998987	24.06758095684074
75-79	23.723960067175977	25.984991741366304	26.18330393775212	24.107744253705597
80-84	23.738910387336322	26.01168668209294	26.151986858316178	24.09741607225456
85-89	23.780303893837665	26.02979657433439	26.094782279224297	24.095117252603647
90-94	23.8087864994675	25.998718912362285	26.052869651330468	24.139624936839745
95-99	23.816717878213375	26.009558723051214	26.02454698510121	24.1491764136342
100-101	23.92919094960028	25.758126159276014	25.8891317404219	24.423551150701805
>>END_MODULE
>>Per base GC content	pass
#Base	%GC
1	45.821246548498365
2	43.977693420489885
3	47.09534228852299
4	47.281944071355696
5	46.45211548801294
6	48.066235770132586
7	46.53573001001124
8	46.14954272928244
9	46.701693141334076
10-14	46.1592729993905
15-19	46.511650012465175
20-24	46.8226869742485
25-29	46.9795247665835
30-34	47.18646847203345
35-39	47.27029091063598
40-44	47.375783890672615
45-49	47.5110352527931
50-54	47.54670395047507
55-59	47.6069360711945
60-64	47.7009816881796
65-69	47.725369342721066
70-74	47.7553231338018
75-79	47.83170432088157
80-84	47.836326459590886
85-89	47.87542114644131
90-94	47.948411436307246
95-99	47.965894291847576
100-101	48.35274210030209
>>END_MODULE
>>Per sequence GC content	fail
#GC Content	Count
0	35933.0
1	30179.5
2	14535.5
3	3719.0
4	2381.5
5	1678.0
6	1210.0
7	992.5
8	944.0
9	932.0
10	938.5
11	1024.0
12	1147.0
13	1274.0
14	1546.0
15	2027.5
16	2704.5
17	3818.0
18	5724.5
19	8854.5
20	14049.5
21	21934.0
22	33347.0
23	49526.0
24	71115.5
25	98525.5
26	132190.5
27	172693.5
28	220061.0
29	272956.0
30	330940.5
31	393784.5
32	460264.5
33	531176.5
34	605310.5
35	682662.0
36	764902.0
37	852954.0
38	942114.0
39	1027718.5
40	1099527.0
41	1146996.5
42	1170652.0
43	1168636.0
44	1144558.0
45	1103123.0
46	1046549.5
47	982855.0
48	924816.0
49	874625.5
50	830979.5
51	795947.0
52	769414.0
53	752497.5
54	746644.5
55	749668.0
56	753249.5
57	748696.0
58	733225.0
59	708522.5
60	675171.5
61	635942.0
62	590485.5
63	539272.5
64	485060.5
65	427536.5
66	369263.5
67	314669.5
68	264234.0
69	218347.0
70	179033.5
71	145202.5
72	116349.5
73	91805.5
74	71351.5
75	55818.5
76	43985.5
77	34787.0
78	27388.0
79	21267.0
80	16602.0
81	12965.5
82	10054.0
83	7628.0
84	5597.5
85	4028.0
86	2901.0
87	2036.5
88	1345.0
89	884.0
90	566.0
91	359.0
92	245.0
93	160.5
94	117.0
95	90.0
96	66.5
97	53.0
98	44.5
99	40.5
100	34.5
>>END_MODULE
>>Per base N content	pass
#Base	N-Count
1	0.02509090038377615
2	0.18444677494048234
3	0.1975621834025095
4	0.19381128484259982
5	0.23022811576763128
6	0.2501639187248422
7	0.24848588515856687
8	0.24376064452791663
9	0.24254430900169802
10-14	0.2404759017822436
15-19	0.24236345073497234
20-24	0.23983589277499243
25-29	0.23952575905705084
30-34	0.25167255687228296
35-39	0.25605136476666995
40-44	0.27954319786964243
45-49	0.2570989416989367
50-54	0.25599022957791756
55-59	0.25628826362308527
60-64	0.32925120092436405
65-69	0.3552011780750873
70-74	0.3987192432686336
75-79	0.40099780269942426
80-84	0.3858254498658337
85-89	0.36985961322822836
90-94	0.3767806260549004
95-99	0.3778224715632217
100-101	0.38247065638304867
>>END_MODULE
>>Sequence Length Distribution	pass
#Length	Count
101	3.1405808E7
>>END_MODULE
>>Sequence Duplication Levels	warn
#Total Duplicate Percentage	26.917841347088768
#Duplication Level	Relative count
1	100.0
2	25.817544194805105
3	7.494183547456112
4	2.170338480012554
5	0.5806218316537829
6	0.19172119235571444
7	0.08187381879959336
8	0.036843218459817015
9	0.017057045583248616
10++	0.06618133686300463
>>END_MODULE
>>Overrepresented sequences	pass
>>END_MODULE
>>Kmer Content	pass
>>END_MODULE
