##FastQC	0.10.1
>>Basic Statistics	pass
#Measure	Value	
Filename	AMT022_2.fastq.gz	
File type	Conventional base calls	
Encoding	Sanger / Illumina 1.9	
Total Sequences	34569826	
Filtered Sequences	0	
Sequence length	101	
%GC	47	
>>END_MODULE
>>Per base sequence quality	pass
#Base	Mean	Median	Lower Quartile	Upper Quartile	10th Percentile	90th Percentile
1	32.024554477074894	33.0	32.0	34.0	28.0	35.0
2	32.12419217846222	33.0	33.0	34.0	30.0	35.0
3	32.23960979728391	33.0	33.0	34.0	30.0	35.0
4	32.11277366568174	33.0	33.0	34.0	30.0	35.0
5	32.11848413700434	33.0	33.0	34.0	30.0	35.0
6	36.10742643020535	38.0	37.0	38.0	31.0	39.0
7	36.07950005302312	38.0	37.0	38.0	31.0	39.0
8	36.08040867778739	38.0	37.0	38.0	31.0	39.0
9	36.10695668528965	38.0	37.0	38.0	31.0	39.0
10-14	36.07310629217515	38.0	37.0	38.0	31.0	39.0
15-19	36.02093602669565	38.0	37.0	38.0	31.0	39.0
20-24	35.94051635666318	38.0	37.0	38.0	30.4	39.0
25-29	35.852653322582526	38.0	37.0	38.0	29.0	39.0
30-34	35.78717859904762	38.0	37.0	38.0	29.0	39.0
35-39	35.6991466835847	38.0	37.0	38.0	29.0	39.0
40-44	35.57971516547407	38.0	37.0	38.0	28.6	39.0
45-49	35.488972209463824	38.0	37.0	38.0	28.0	39.0
50-54	35.36469250958915	38.0	36.4	38.0	28.0	39.0
55-59	35.22431778511121	38.0	36.0	38.0	27.0	39.0
60-64	35.011736674636424	38.0	36.0	38.0	27.0	39.0
65-69	34.816107677255886	38.0	36.0	38.0	25.6	39.0
70-74	34.566970669739554	38.0	35.2	38.0	25.0	39.0
75-79	34.296348312542854	38.0	35.0	38.0	23.6	39.0
80-84	34.01786361898379	38.0	34.0	38.0	19.4	38.2
85-89	33.669680431715214	38.0	34.0	38.0	15.8	38.0
90-94	33.208485515663284	38.0	33.8	38.0	15.0	38.0
95-99	32.43893762728224	38.0	31.8	38.0	15.0	38.0
100-101	29.448701593117654	35.5	23.0	38.0	8.5	38.0
>>END_MODULE
>>Per sequence quality scores	pass
#Quality	Count
2	150100.0
3	40412.0
4	19710.0
5	17697.0
6	16646.0
7	16271.0
8	17362.0
9	18876.0
10	20012.0
11	21992.0
12	25138.0
13	28612.0
14	33506.0
15	40433.0
16	48635.0
17	58505.0
18	71598.0
19	94441.0
20	126805.0
21	165206.0
22	211058.0
23	261952.0
24	306667.0
25	367952.0
26	433067.0
27	508318.0
28	593324.0
29	694254.0
30	818058.0
31	969712.0
32	1177931.0
33	1470122.0
34	1939053.0
35	2821819.0
36	5208576.0
37	1.2626498E7
38	1578103.0
39	1551405.0
>>END_MODULE
>>Per base sequence content	pass
#Base	G	A	T	C
1	25.23695875754538	31.13225288189877	22.32314796175233	21.30764039880352
2	23.281946349895406	29.232024777889766	26.59160307423361	20.89442579798122
3	24.679786347395655	25.947331879026827	26.53824801965488	22.834633753922642
4	24.824994155238883	26.414096650680115	25.93144475682533	22.829464437255677
5	24.51023349054887	27.681860256802164	25.7284811106891	22.07942514195987
6	24.28854054816397	26.970997735372414	24.527287890698005	24.213173825765608
7	23.37426566307456	26.798822705541387	26.512670395782965	23.314241235601084
8	22.756847400912267	26.839452858807682	26.85732307169497	23.546376668585083
9	23.176835112136192	26.447181879351184	26.536831199912708	23.83915180859992
10-14	23.229122402143517	26.76972581264248	26.906293139192833	23.09485864602117
15-19	23.20399169415354	26.299193848238602	27.01188200928055	23.48493244832731
20-24	23.29755013918282	26.18657751528477	26.85832396893287	23.65754837659954
25-29	23.421591157329953	26.213144492878172	26.685721704104466	23.679542645687413
30-34	23.54095820387547	26.158360723239138	26.549078414920835	23.751602657964558
35-39	23.54468304905533	26.117162968089286	26.513923592985122	23.82423038987026
40-44	23.5951548146078	26.11870884702118	26.444328946825863	23.84180739154516
45-49	23.647550878879635	26.053264701383817	26.36937310798939	23.92981131174716
50-54	23.64431724715419	26.047606266443125	26.350458550795675	23.957617935607008
55-59	23.674207145462802	26.06061177132005	26.287513805035694	23.977667278181457
60-64	23.712087375717356	26.026231578574787	26.22544019964978	24.036240846058075
65-69	23.72381502007198	26.019364305184634	26.203331459355578	24.053489215387806
70-74	23.763852192751315	26.0533681270181	26.146288098603147	24.036491581627438
75-79	23.800860914439586	26.035796872738864	26.10145960211698	24.061882610704565
80-84	23.813231961864986	26.049206159893796	26.07770670390346	24.05985517433776
85-89	23.84386376258069	26.077745475363308	26.017326523930716	24.061064238125287
90-94	23.87151357516407	26.04952264791937	25.97182032330067	24.107143453615894
95-99	23.891635728702507	26.07051873772456	25.934807741273712	24.103037792299222
100-101	23.991508741864553	25.852415926199434	25.830910886955532	24.325164444980476
>>END_MODULE
>>Per base GC content	pass
#Base	%GC
1	46.544599156348895
2	44.17637214787663
3	47.5144201013183
4	47.65445859249456
5	46.58965863250874
6	48.50171437392958
7	46.68850689867565
8	46.30322406949735
9	47.01598692073611
10-14	46.32398104816468
15-19	46.68892414248085
20-24	46.95509851578236
25-29	47.10113380301736
30-34	47.29256086184003
35-39	47.36891343892559
40-44	47.436962206152955
45-49	47.5773621906268
50-54	47.6019351827612
55-59	47.65187442364426
60-64	47.748328221775424
65-69	47.77730423545979
70-74	47.80034377437875
75-79	47.862743525144154
80-84	47.87308713620275
85-89	47.90492800070598
90-94	47.97865702877996
95-99	47.99467352100173
100-101	48.31667318684503
>>END_MODULE
>>Per sequence GC content	fail
#GC Content	Count
0	41757.0
1	36260.0
2	18407.5
3	5047.0
4	3280.5
5	2189.0
6	1640.5
7	1336.0
8	1234.5
9	1176.5
10	1149.5
11	1237.5
12	1384.5
13	1591.5
14	1885.5
15	2379.5
16	3203.5
17	4520.0
18	6751.0
19	10374.5
20	16299.5
21	25046.5
22	37518.0
23	55207.5
24	78697.0
25	108918.5
26	146390.5
27	190729.0
28	242425.0
29	301063.5
30	363939.0
31	431971.5
32	505403.0
33	582559.0
34	663826.0
35	748634.5
36	836409.0
37	929708.0
38	1026595.0
39	1118461.0
40	1195569.5
41	1247672.5
42	1270542.5
43	1268838.0
44	1244199.0
45	1199423.5
46	1139990.5
47	1073173.0
48	1010432.0
49	956668.5
50	911262.0
51	874723.0
52	847217.5
53	830599.5
54	826499.0
55	830089.0
56	834579.0
57	832699.5
58	817701.0
59	790224.0
60	754257.0
61	711440.5
62	662715.0
63	606564.0
64	544891.5
65	479436.0
66	414547.0
67	354852.0
68	298931.0
69	247987.0
70	203681.5
71	165077.5
72	131609.5
73	103074.5
74	80014.0
75	62579.5
76	49091.5
77	38464.0
78	30257.5
79	23457.5
80	17897.0
81	13873.5
82	10710.5
83	7994.0
84	5839.0
85	4107.5
86	2844.5
87	1964.5
88	1330.0
89	858.5
90	528.0
91	341.0
92	221.5
93	138.5
94	98.0
95	72.0
96	52.0
97	43.5
98	42.5
99	42.0
100	45.0
>>END_MODULE
>>Per base N content	pass
#Base	N-Count
1	0.031105160899565994
2	0.20072418067710263
3	0.2157257025245079
4	0.21151682973469407
5	0.2517137343994731
6	0.2769033318246959
7	0.27633347069782765
8	0.2703513752137485
9	0.26979597756725765
10-14	0.268765599225174
15-19	0.2723722126920743
20-24	0.2694754668420952
25-29	0.27001408685134837
30-34	0.2840193641703606
35-39	0.2883196461561594
40-44	0.31332816080705755
45-49	0.2887367729302427
50-54	0.28779433254885345
55-59	0.2886783404695181
60-64	0.3593550051423458
65-69	0.38449079842056477
70-74	0.4279662848172855
75-79	0.4294866858745543
80-84	0.41804722997448696
85-89	0.4027743732352023
90-94	0.408607784141002
95-99	0.4076630296027524
100-101	0.4405908782994742
>>END_MODULE
>>Sequence Length Distribution	pass
#Length	Count
101	3.4569826E7
>>END_MODULE
>>Sequence Duplication Levels	warn
#Total Duplicate Percentage	24.590776776457446
#Duplication Level	Relative count
1	100.0
2	23.467006854430924
3	6.203359133843175
4	1.6782449484099968
5	0.5135865793283054
6	0.14012915677940896
7	0.060149779560972706
8	0.02577847695470259
9	0.019168611068881413
10++	0.089894176047168
>>END_MODULE
>>Overrepresented sequences	pass
>>END_MODULE
>>Kmer Content	pass
>>END_MODULE
