##FastQC	0.10.1
>>Basic Statistics	pass
#Measure	Value	
Filename	0W-AMT143_1.fastq.gz	
File type	Conventional base calls	
Encoding	Sanger / Illumina 1.9	
Total Sequences	34727092	
Filtered Sequences	0	
Sequence length	101	
%GC	45	
>>END_MODULE
>>Per base sequence quality	pass
#Base	Mean	Median	Lower Quartile	Upper Quartile	10th Percentile	90th Percentile
1	25.503704888390885	27.0	18.0	32.0	18.0	33.0
2	27.243915384564882	29.0	25.0	32.0	18.0	33.0
3	28.105982240033228	29.0	25.0	33.0	18.0	33.0
4	30.262132890366978	31.0	29.0	33.0	27.0	33.0
5	31.968769196107754	33.0	32.0	33.0	31.0	33.0
6	35.462899657708164	37.0	36.0	38.0	30.0	38.0
7	36.401415442444765	38.0	37.0	38.0	34.0	38.0
8	36.80538626729817	38.0	38.0	38.0	35.0	38.0
9	36.935719408927184	38.0	38.0	38.0	35.0	38.0
10-14	36.94220590655849	38.0	38.0	38.0	35.6	38.0
15-19	36.98409507481939	38.0	38.0	38.0	36.0	38.0
20-24	36.92427535827071	38.0	38.0	38.0	35.4	38.0
25-29	36.85605120636073	38.0	38.0	38.0	35.0	38.0
30-34	36.753335021544565	38.0	38.0	38.0	35.0	38.0
35-39	36.72920363732154	38.0	38.0	38.0	35.0	38.0
40-44	36.65851152178247	38.0	38.0	38.0	34.2	38.0
45-49	36.57680208293859	38.0	38.0	38.0	34.0	38.0
50-54	36.46286873084565	38.0	38.0	38.0	34.0	38.0
55-59	36.3326718286691	38.0	37.4	38.0	33.6	38.0
60-64	36.17845155016147	38.0	37.0	38.0	33.0	38.0
65-69	36.065566037029534	38.0	37.0	38.0	33.0	38.0
70-74	35.88755162108016	38.0	37.0	38.0	31.8	38.0
75-79	35.69124802618083	38.0	37.0	38.0	31.0	38.0
80-84	35.489264877116696	38.0	36.0	38.0	29.0	38.0
85-89	35.26377829160012	38.0	36.0	38.0	29.0	38.0
90-94	34.89384795018252	38.0	35.4	38.0	28.0	38.0
95-99	34.4350166838041	38.0	35.0	38.0	25.8	38.0
100-101	31.76003720668578	36.5	29.5	38.0	19.0	38.0
>>END_MODULE
>>Per sequence quality scores	pass
#Quality	Count
2	24707.0
3	5812.0
4	2867.0
5	1921.0
6	1475.0
7	1493.0
8	1882.0
9	3020.0
10	3973.0
11	4540.0
12	5043.0
13	5576.0
14	6397.0
15	7229.0
16	8676.0
17	10421.0
18	12199.0
19	15008.0
20	18751.0
21	24811.0
22	35656.0
23	55231.0
24	85284.0
25	128749.0
26	185624.0
27	259260.0
28	347649.0
29	456763.0
30	594585.0
31	778109.0
32	1032029.0
33	1419344.0
34	2096240.0
35	3558874.0
36	8530730.0
37	1.4997164E7
>>END_MODULE
>>Per base sequence content	fail
#Base	G	A	T	C
1	27.702318981574475	48.16785082477353	9.625016983631065	14.504813210020936
2	21.768261782816715	30.22670319682671	27.6635763929744	20.341458627382174
3	23.326963282730382	25.363911841509797	31.956873901218103	19.35225097454172
4	23.616866623902744	27.196823736349707	28.708444692115307	20.47786494763224
5	23.729024013873666	29.56354364482923	26.06270919546042	20.644723145836686
6	23.113138871518522	28.77633117106379	23.71873233727719	24.391797620140494
7	22.141517061088788	27.933338040513156	28.0012216398655	21.92392325853256
8	20.57133375866888	27.75264914205889	27.9830801841974	23.692936915074835
9	22.091705807097238	26.554046045663714	27.58505952643544	23.769188620803607
10-14	22.169703699923968	27.32799164410311	28.15919225255026	22.343112403422666
15-19	22.506614144368896	26.72139089561545	27.97139132755487	22.80060363246079
20-24	22.683918526353864	26.61373109404549	27.745162972644327	22.95718740695632
25-29	22.879607080258836	26.60938209280524	27.5729692540913	22.938041572844625
30-34	23.054429089541966	26.529210680813698	27.436014509939387	22.98034571970495
35-39	23.08716952170945	26.442268186463757	27.438081484047096	23.032480807779702
40-44	23.193001014884864	26.473198504499024	27.333006748736693	23.00079373187942
45-49	23.265293851843396	26.382737719587922	27.260879200596467	23.091089227972212
50-54	23.258972563966143	26.36455173011002	27.28250005094008	23.09397565498376
55-59	23.326442443832242	26.40069877852852	27.19241259357597	23.080446184063266
60-64	23.38404897307849	26.348569912213982	27.1443775986537	23.123003516053824
65-69	23.374699472108713	26.325351560777264	27.153814519284637	23.146134447829382
70-74	23.427688808348222	26.398019589424663	27.112986628943553	23.061304973283562
75-79	23.456706366314805	26.36233981238625	27.079864331859405	23.10108948943954
80-84	23.44741736509351	26.37418704681636	27.086455727418812	23.091939860671317
85-89	23.460030572096276	26.416398470681045	27.064369800961163	23.059201156261512
90-94	23.458397841086146	26.395466686355423	27.03536766049976	23.110767812058665
95-99	23.42203257330041	26.421887556838907	27.048223905416556	23.10785596444413
100-101	23.472134828105446	26.39740091148534	27.015115799062478	23.115348461346734
>>END_MODULE
>>Per base GC content	pass
#Base	%GC
1	42.207132191595406
2	42.10972041019889
3	42.6792142572721
4	44.094731571534986
5	44.37374715971035
6	47.504936491659016
7	44.06544031962135
8	44.26427067374372
9	45.860894427900845
10-14	44.51281610334663
15-19	45.30721777682969
20-24	45.641105933310186
25-29	45.81764865310346
30-34	46.03477480924691
35-39	46.11965032948915
40-44	46.19379474676428
45-49	46.35638307981561
50-54	46.352948218949905
55-59	46.40688862789551
60-64	46.50705248913231
65-69	46.52083391993809
70-74	46.488993781631784
75-79	46.55779585575435
80-84	46.539357225764824
85-89	46.51923172835779
90-94	46.569165653144815
95-99	46.52988853774453
100-101	46.58748328945218
>>END_MODULE
>>Per sequence GC content	warn
#GC Content	Count
0	150.0
1	150.0
2	170.0
3	210.5
4	259.5
5	299.0
6	355.5
7	440.5
8	568.5
9	661.5
10	778.5
11	1035.5
12	1390.0
13	1912.0
14	2625.0
15	3748.0
16	5533.5
17	8305.5
18	13041.5
19	20115.0
20	30102.0
21	44156.5
22	61904.0
23	84740.5
24	113043.5
25	146786.0
26	186813.0
27	232103.5
28	283305.0
29	338779.0
30	397830.0
31	464566.0
32	538118.0
33	618860.0
34	706472.5
35	800429.5
36	902568.0
37	1014769.0
38	1129302.5
39	1233003.0
40	1320619.5
41	1378843.0
42	1398691.5
43	1388126.0
44	1353698.5
45	1297086.5
46	1222639.5
47	1140952.5
48	1063342.0
49	996227.0
50	941065.5
51	894447.5
52	855515.0
53	827891.5
54	810958.0
55	801129.0
56	794638.5
57	780129.0
58	750202.5
59	710528.5
60	665105.5
61	612251.0
62	555477.5
63	495450.0
64	432381.5
65	369269.0
66	308474.0
67	253887.0
68	206052.0
69	164939.0
70	130423.5
71	101739.0
72	78108.0
73	58653.5
74	43794.5
75	33101.5
76	25126.0
77	19286.0
78	14768.0
79	11174.0
80	8483.0
81	6449.5
82	4958.0
83	3735.0
84	2707.0
85	1872.5
86	1294.0
87	858.0
88	502.5
89	301.5
90	196.5
91	118.0
92	52.0
93	19.5
94	11.0
95	8.5
96	4.0
97	2.5
98	1.5
99	0.0
100	0.0
>>END_MODULE
>>Per base N content	pass
#Base	N-Count
1	0.04952905357004842
2	0.0020675500269357423
3	0.0
4	0.0
5	0.0
6	0.0
7	0.0
8	0.0
9	0.0
10-14	0.0
15-19	0.0
20-24	3.536144057210434E-4
25-29	0.0
30-34	0.0
35-39	0.0
40-44	0.0
45-49	0.0
50-54	4.952905357004842E-5
55-59	0.007196110748345989
60-64	0.026800977173671782
65-69	0.02165225927929698
70-74	6.692181424232124E-4
75-79	0.0
80-84	0.0
85-89	0.0
90-94	0.0
95-99	0.0
100-101	4.276200264623367E-4
>>END_MODULE
>>Sequence Length Distribution	pass
#Length	Count
101	3.4727092E7
>>END_MODULE
>>Sequence Duplication Levels	warn
#Total Duplicate Percentage	33.18660697798605
#Duplication Level	Relative count
1	100.0
2	29.238997281066062
3	11.432220861095342
4	4.7177985598613645
5	1.9839254235262482
6	0.8224028205204816
7	0.41605664943679227
8	0.20242612566852908
9	0.13295885745017777
10++	0.44518808449610087
>>END_MODULE
>>Overrepresented sequences	pass
>>END_MODULE
>>Kmer Content	pass
>>END_MODULE
