##FastQC	0.10.1
>>Basic Statistics	pass
#Measure	Value	
Filename	0W-AMT139_1.fastq.gz	
File type	Conventional base calls	
Encoding	Sanger / Illumina 1.9	
Total Sequences	38997328	
Filtered Sequences	0	
Sequence length	101	
%GC	47	
>>END_MODULE
>>Per base sequence quality	pass
#Base	Mean	Median	Lower Quartile	Upper Quartile	10th Percentile	90th Percentile
1	32.15530248636522	33.0	33.0	34.0	30.0	34.0
2	32.31220274886525	33.0	33.0	34.0	29.0	34.0
3	32.39316962946795	33.0	33.0	34.0	29.0	34.0
4	32.423620818328885	33.0	33.0	34.0	31.0	34.0
5	32.65823330254832	33.0	33.0	34.0	32.0	34.0
6	36.10251410045324	38.0	36.0	38.0	33.0	38.0
7	36.584222667768415	38.0	37.0	38.0	34.0	38.0
8	36.84882071920415	38.0	38.0	38.0	35.0	38.0
9	36.97624557764573	38.0	38.0	38.0	35.0	38.0
10-14	36.970719891373065	38.0	38.0	38.0	35.6	38.0
15-19	36.99400586111951	38.0	38.0	38.0	36.0	38.0
20-24	36.93641154081121	38.0	38.0	38.0	35.2	38.0
25-29	36.868768188425626	38.0	38.0	38.0	35.0	38.0
30-34	36.77062695680073	38.0	38.0	38.0	34.8	38.0
35-39	36.74841865063165	38.0	38.0	38.0	35.0	38.0
40-44	36.67901819324648	38.0	38.0	38.0	34.2	38.0
45-49	36.600303902872525	38.0	38.0	38.0	34.0	38.0
50-54	36.49122848621834	38.0	38.0	38.0	34.0	38.0
55-59	36.36567321740607	38.0	37.6	38.0	33.6	38.0
60-64	36.215110630143684	38.0	37.0	38.0	33.0	38.0
65-69	36.10214132619548	38.0	37.0	38.0	33.0	38.0
70-74	35.92293829977274	38.0	37.0	38.0	31.8	38.0
75-79	35.724341842087235	38.0	37.0	38.0	31.0	38.0
80-84	35.52301775649859	38.0	36.2	38.0	29.6	38.0
85-89	35.29806664702771	38.0	36.0	38.0	29.0	38.0
90-94	34.92834032629108	38.0	35.6	38.0	28.0	38.0
95-99	34.46593067607093	38.0	35.0	38.0	25.8	38.0
100-101	31.745732502493503	36.5	29.5	38.0	19.5	38.0
>>END_MODULE
>>Per sequence quality scores	pass
#Quality	Count
2	4530.0
3	1348.0
4	709.0
5	729.0
6	817.0
7	1126.0
8	1827.0
9	3095.0
10	4044.0
11	4652.0
12	5391.0
13	6136.0
14	7034.0
15	7986.0
16	9716.0
17	11483.0
18	13953.0
19	17134.0
20	21578.0
21	28238.0
22	40600.0
23	62091.0
24	96292.0
25	145100.0
26	210871.0
27	292533.0
28	394376.0
29	513596.0
30	661618.0
31	848733.0
32	1098238.0
33	1467827.0
34	2077334.0
35	3310988.0
36	7020574.0
37	2.0605031E7
>>END_MODULE
>>Per base sequence content	fail
#Base	G	A	T	C
1	35.31801084049234	41.10181577207663	8.163722565845397	15.416450821585636
2	23.063197067586437	30.04780207075205	25.730013939268158	21.158986922393357
3	24.273970770510225	25.33673332696025	30.15283765082572	20.23645825170381
4	24.445233786273768	26.024300946977704	28.454390516191264	21.076074750557268
5	24.424986245211468	28.93048467320633	26.02993723057128	20.61459185101092
6	23.701011002599973	28.220077026815787	23.095205394584983	24.98370657599926
7	22.665524673895607	27.42470458488848	27.36026170818678	22.549509033029135
8	20.815674858544156	27.062574646139858	27.777154373243214	24.344596122072772
9	22.59030413570899	25.769863001895928	27.1967094771211	24.443123385273985
10-14	22.809047840405885	26.73174377485555	27.581927151521768	22.8772812332168
15-19	23.078118582893676	26.14619750358281	27.428253545986536	23.347430367536976
20-24	23.222613243265105	26.077568146342873	27.226243517656556	23.473575092735466
25-29	23.416579207683153	26.068324475974354	27.069712571076664	23.44538374526583
30-34	23.57270016038022	26.003839545109347	26.92786285255236	23.495597441958076
35-39	23.577175851637836	25.935764624694286	26.951264968717858	23.53579455495002
40-44	23.697049192703666	25.96341215993055	26.846155716104448	23.49338293126134
45-49	23.760965366652812	25.875591784134542	26.779917844627715	23.583525004584928
50-54	23.741645327202356	25.875150018687698	26.80378385706119	23.579420797048755
55-59	23.80912333691455	25.91123679045696	26.71409661828548	23.56554325434301
60-64	23.861054103849046	25.855902409675437	26.66995487731419	23.61308860916133
65-69	23.84102774754403	25.84566882422072	26.695813697499577	23.61748973073567
70-74	23.906615536323052	25.909998611433966	26.650076358310553	23.53330949393243
75-79	23.9385677911061	25.872316175097943	26.618478578840065	23.57063745495589
80-84	23.91568468485841	25.906026176972947	26.635662320249224	23.542626817919423
85-89	23.93337205051587	25.9369616297814	26.600841985891954	23.528824333810768
90-94	23.933443850306872	25.9198707152449	26.56656784280195	23.580117591646278
95-99	23.875224476918007	25.94962249721314	26.596700163662497	23.578452862206355
100-101	23.957898552506634	25.88374367668356	26.56230242941668	23.59605534139312
>>END_MODULE
>>Per base GC content	pass
#Base	%GC
1	50.734461662077976
2	44.22218398997979
3	44.51042902221404
4	45.521308536831036
5	45.039578096222385
6	48.684717578599226
7	45.21503370692474
8	45.16027098061693
9	47.033427520982976
10-14	45.68632907362268
15-19	46.42554895043066
20-24	46.696188336000574
25-29	46.861962952948986
30-34	47.06829760233829
35-39	47.112970406587856
40-44	47.190432123965
45-49	47.34449037123774
50-54	47.32106612425111
55-59	47.37466659125755
60-64	47.47414271301038
65-69	47.4585174782797
70-74	47.43992503025548
75-79	47.50920524606199
80-84	47.45831150277783
85-89	47.46219638432664
90-94	47.51356144195315
95-99	47.45367733912436
100-101	47.55395389389975
>>END_MODULE
>>Per sequence GC content	warn
#GC Content	Count
0	169.0
1	161.5
2	172.0
3	240.0
4	294.0
5	325.0
6	367.0
7	431.0
8	554.0
9	675.0
10	766.0
11	939.0
12	1232.0
13	1645.5
14	2319.0
15	3354.5
16	5039.0
17	7867.5
18	12513.5
19	19269.0
20	28800.5
21	41906.5
22	58931.0
23	80574.0
24	107509.0
25	140814.5
26	179161.0
27	223447.0
28	273923.0
29	329175.5
30	389405.0
31	455913.0
32	530245.5
33	613361.0
34	705136.0
35	805637.5
36	915074.5
37	1034948.0
38	1161494.5
39	1279709.5
40	1379712.5
41	1452253.0
42	1487289.5
43	1486709.0
44	1459970.0
45	1411445.5
46	1341230.0
47	1261558.0
48	1186330.5
49	1121750.0
50	1070651.5
51	1028776.5
52	995986.0
53	975196.0
54	965071.0
55	966200.0
56	971254.5
57	964866.5
58	939665.0
59	902042.5
60	855005.5
61	796827.5
62	732244.0
63	661863.5
64	584000.0
65	502625.0
66	423916.5
67	353131.5
68	290069.0
69	233061.5
70	184950.0
71	145311.0
72	111941.5
73	84507.5
74	63295.5
75	47642.0
76	36037.5
77	27453.5
78	21125.0
79	15922.0
80	11938.0
81	9088.5
82	7031.0
83	5380.5
84	3877.0
85	2717.0
86	1899.5
87	1245.5
88	753.0
89	454.0
90	263.5
91	174.5
92	101.0
93	48.0
94	25.0
95	12.0
96	6.0
97	6.0
98	3.0
99	1.0
100	1.0
>>END_MODULE
>>Per base N content	pass
#Base	N-Count
1	0.05304209560203715
2	0.0044541513203161
3	0.0
4	0.0
5	0.0
6	0.0
7	0.0
8	0.0
9	0.0
10-14	0.0
15-19	0.0
20-24	4.246444782063017E-4
25-29	0.0
30-34	0.0
35-39	0.0
40-44	0.0
45-49	0.0
50-54	5.0772709350753464E-5
55-59	0.007499488170061292
60-64	0.027629072432860013
65-69	0.022315887898781167
70-74	6.744051797600082E-4
75-79	0.0
80-84	0.0
85-89	0.0
90-94	0.0
95-99	0.0
100-101	4.846485892571922E-4
>>END_MODULE
>>Sequence Length Distribution	pass
#Length	Count
101	3.8997328E7
>>END_MODULE
>>Sequence Duplication Levels	warn
#Total Duplicate Percentage	36.49750499001996
#Duplication Level	Relative count
1	100.0
2	32.75210397692894
3	13.56131982806717
4	5.689185047815871
5	2.5082705348934065
6	1.1307648182053922
7	0.5437729355094728
8	0.27660126199325785
9	0.15165921467243967
10++	0.5461303326287336
>>END_MODULE
>>Overrepresented sequences	pass
>>END_MODULE
>>Kmer Content	pass
>>END_MODULE
