##FastQC	0.10.1
>>Basic Statistics	pass
#Measure	Value	
Filename	AMT029_2.fastq.gz	
File type	Conventional base calls	
Encoding	Sanger / Illumina 1.9	
Total Sequences	33801185	
Filtered Sequences	0	
Sequence length	101	
%GC	47	
>>END_MODULE
>>Per base sequence quality	pass
#Base	Mean	Median	Lower Quartile	Upper Quartile	10th Percentile	90th Percentile
1	31.74067489054008	33.0	32.0	34.0	27.0	34.0
2	31.86902817164546	33.0	32.0	34.0	28.0	34.0
3	31.954591651150693	33.0	33.0	34.0	28.0	34.0
4	31.824499289004216	33.0	33.0	34.0	28.0	34.0
5	31.803683983268634	33.0	33.0	34.0	28.0	34.0
6	35.7327410562677	38.0	37.0	38.0	30.0	38.0
7	35.70963100849867	38.0	37.0	38.0	30.0	38.0
8	35.690951633796274	38.0	37.0	38.0	30.0	38.0
9	35.706177875124794	38.0	37.0	38.0	30.0	38.0
10-14	35.679025282693495	38.0	37.0	38.0	29.0	38.0
15-19	35.61491868406389	38.0	37.0	38.0	29.0	38.0
20-24	35.53374332882116	38.0	37.0	38.0	29.0	38.0
25-29	35.43517309822126	38.0	37.0	38.0	29.0	38.0
30-34	35.381369913510426	38.0	37.0	38.0	28.8	38.0
35-39	35.30654907512858	38.0	37.0	38.0	28.0	38.0
40-44	35.17138762442796	38.0	36.6	38.0	27.8	38.0
45-49	35.10723019917793	38.0	36.0	38.0	27.8	38.0
50-54	34.979925615033906	38.0	36.0	38.0	27.0	38.0
55-59	34.83088546747695	38.0	36.0	38.0	26.8	38.0
60-64	34.59766939531854	38.0	36.0	38.0	25.0	38.0
65-69	34.38669280973433	38.0	35.2	38.0	25.0	38.0
70-74	34.11381719309545	38.0	35.0	38.0	23.4	38.0
75-79	33.82134393808975	38.0	34.0	38.0	15.4	38.0
80-84	33.5170599728974	38.0	34.0	38.0	15.0	38.0
85-89	33.13193820275828	38.0	34.0	38.0	15.0	38.0
90-94	32.610166187960566	38.0	32.6	38.0	15.0	38.0
95-99	31.70881334485758	37.4	31.0	38.0	14.8	38.0
100-101	28.401624040695616	34.0	23.0	37.5	2.0	38.0
>>END_MODULE
>>Per sequence quality scores	pass
#Quality	Count
2	148499.0
3	44510.0
4	20986.0
5	19520.0
6	18256.0
7	18559.0
8	19943.0
9	21983.0
10	23631.0
11	25806.0
12	29443.0
13	34336.0
14	40962.0
15	49183.0
16	59538.0
17	71566.0
18	86518.0
19	111386.0
20	148926.0
21	193737.0
22	242893.0
23	297645.0
24	344359.0
25	405791.0
26	471182.0
27	546677.0
28	632523.0
29	733836.0
30	858357.0
31	1014072.0
32	1226874.0
33	1535339.0
34	2032142.0
35	2987921.0
36	5631340.0
37	1.3652946E7
>>END_MODULE
>>Per base sequence content	warn
#Base	G	A	T	C
1	28.00586762375413	33.67531643402529	18.01631749375001	20.302498448470562
2	22.852191193693177	30.14685185499882	26.202917629378902	20.798039321929103
3	25.292198734501813	25.54422754940576	27.02048488665081	22.143088829441616
4	25.561416524273582	26.254976243826633	25.900475598045027	22.28313163385476
5	25.154201427466592	28.387850179543943	25.077604833927303	21.380343559062158
6	24.7092947751025	27.365066085418988	23.3045508709617	24.621088268516814
7	23.565190807572765	26.98371659454159	26.27546832122291	23.175624276662735
8	22.681683840676147	26.92545783556725	26.61776462373096	23.77509370002564
9	23.41829378174263	26.32759895594973	26.144528938932666	24.10957832337498
10-14	23.47471002228117	26.799305383385608	26.64784609002366	23.07813850430956
15-19	23.423559581347632	26.16395117717329	26.792768393356948	23.619720848122128
20-24	23.551802330105172	26.02876871858984	26.627752552577878	23.791676398727105
25-29	23.666926691721795	26.073107909626202	26.43182317275265	23.828142225899356
30-34	23.79297750902992	25.999055323199862	26.283439148617028	23.924528019153197
35-39	23.78875929180177	25.94177376630089	26.268226237973956	24.001240703923376
40-44	23.858974180495117	25.947848844974402	26.161969657756874	24.031207316773607
45-49	23.898090637180097	25.860873118756246	26.082611738629254	24.158424505434407
50-54	23.883367374307195	25.848346140412836	26.0787118401352	24.18957464514477
55-59	23.922539465682828	25.855526063036738	26.009942365548056	24.211992105732378
60-64	23.964610904386923	25.807153599602824	25.941249429969115	24.28698606604114
65-69	23.951391655173992	25.808551533635594	25.935196038529405	24.30486077266101
70-74	24.006448776173748	25.855750435714135	25.862420057616873	24.275380730495247
75-79	24.044377112673825	25.8122310177594	25.819804801108937	24.323587068457837
80-84	24.054654409534336	25.838734600604234	25.79502476972681	24.311586220134615
85-89	24.090740256681762	25.868377839581726	25.73678054417962	24.304101359556892
90-94	24.12059196237083	25.827350213054533	25.68854044703911	24.363517377535526
95-99	24.13040644806518	25.841481496633072	25.664387678312178	24.36372437698957
100-101	24.26460421323455	25.578002722020614	25.50192969232836	24.655463372416474
>>END_MODULE
>>Per base GC content	pass
#Base	%GC
1	48.30836607222469
2	43.650230515622276
3	47.435287563943426
4	47.84454815812834
5	46.53454498652875
6	49.330383043619314
7	46.7408150842355
8	46.456777540701786
9	47.527872105117616
10-14	46.55284852659073
15-19	47.04328042946976
20-24	47.34347872883228
25-29	47.49506891762115
30-34	47.71750552818311
35-39	47.789999995725154
40-44	47.89018149726873
45-49	48.0565151426145
50-54	48.072942019451965
55-59	48.13453157141521
60-64	48.25159697042806
65-69	48.256252427835
70-74	48.28182950666899
75-79	48.36796418113166
80-84	48.36624062966896
85-89	48.39484161623865
90-94	48.484109339906354
95-99	48.494130825054754
100-101	48.920067585651026
>>END_MODULE
>>Per sequence GC content	fail
#GC Content	Count
0	48197.0
1	42866.0
2	22211.0
3	5621.5
4	3576.5
5	2343.0
6	1730.0
7	1477.5
8	1348.5
9	1322.0
10	1333.0
11	1389.0
12	1495.5
13	1649.0
14	1936.5
15	2407.5
16	3141.0
17	4295.0
18	6220.0
19	9525.5
20	14793.0
21	22194.0
22	32771.5
23	47858.0
24	67585.0
25	93077.5
26	125484.0
27	163958.0
28	209479.5
29	261181.0
30	317488.0
31	380954.5
32	449862.5
33	524296.0
34	603630.5
35	688176.0
36	779932.5
37	877253.0
38	978963.0
39	1076890.5
40	1159213.0
41	1217355.5
42	1246063.0
43	1246134.0
44	1221768.0
45	1175881.5
46	1115040.0
47	1049144.0
48	986964.5
49	934440.0
50	891276.5
51	856538.5
52	833025.0
53	821893.0
54	822328.5
55	831858.0
56	843998.0
57	846394.5
58	834651.0
59	811212.5
60	777098.5
61	734668.5
62	685232.5
63	628414.5
64	565923.5
65	498756.5
66	430901.0
67	367885.5
68	308426.5
69	254157.0
70	208032.5
71	168076.5
72	132640.0
73	103035.0
74	79478.0
75	61244.5
76	47158.0
77	36355.5
78	28175.0
79	21591.5
80	16441.5
81	12682.0
82	9605.5
83	7148.5
84	5247.5
85	3707.5
86	2578.0
87	1766.0
88	1227.5
89	801.5
90	508.0
91	344.0
92	226.5
93	145.0
94	113.0
95	93.0
96	71.0
97	71.5
98	59.5
99	44.5
100	41.5
>>END_MODULE
>>Per base N content	pass
#Base	N-Count
1	0.03057289263675223
2	0.24450622071385958
3	0.262623928717292
4	0.25739038439036976
5	0.30727916787532744
6	0.3348817504475065
7	0.3334675988430583
8	0.3259027753021085
9	0.3245566686493388
10-14	0.3215857668895336
15-19	0.3240075754740551
20-24	0.32076567729800004
25-29	0.32033788164527366
30-34	0.33695978410224375
35-39	0.34256609642531766
40-44	0.37384547316906197
45-49	0.3438027394601698
50-54	0.3422998335709236
55-59	0.3428329509749436
60-64	0.43061330542109694
65-69	0.46147080346443475
70-74	0.5150452565494376
75-79	0.5167333630462956
80-84	0.5024948089837679
85-89	0.4838990112328902
90-94	0.4913662050605622
95-99	0.49049463798384585
100-101	0.49617934992515794
>>END_MODULE
>>Sequence Length Distribution	pass
#Length	Count
101	3.3801185E7
>>END_MODULE
>>Sequence Duplication Levels	warn
#Total Duplicate Percentage	31.46258842283551
#Duplication Level	Relative count
1	100.0
2	29.466063874634763
3	10.193193877106017
4	3.5666002820136353
5	1.2160020932970883
6	0.4659039699960751
7	0.1875245308252533
8	0.0792254800773357
9	0.04070299893881467
10++	0.152636246020555
>>END_MODULE
>>Overrepresented sequences	pass
>>END_MODULE
>>Kmer Content	pass
>>END_MODULE
